step,tag
1000,reward,1,-692.0223445657455,-692.022,SF-P3O-NoSpectral,HalfCheetah-v4,0
2000,reward,2,-750.9403445663193,-721.481,SF-P3O-NoSpectral,HalfCheetah-v4,0
3000,reward,3,-692.737072517705,-711.9,SF-P3O-NoSpectral,HalfCheetah-v4,0
4000,reward,4,-700.4659864667299,-709.041,SF-P3O-NoSpectral,HalfCheetah-v4,0
5000,reward,5,-1066.9787796648106,-780.629,SF-P3O-NoSpectral,HalfCheetah-v4,0
6000,reward,6,-652.7236456642028,-759.311,SF-P3O-NoSpectral,HalfCheetah-v4,0
7000,reward,7,-780.8328276000007,-762.386,SF-P3O-NoSpectral,HalfCheetah-v4,0
8000,reward,8,-620.5010689788444,-744.65,SF-P3O-NoSpectral,HalfCheetah-v4,0
8192,loss,-0.06408131122589111,0.49759143590927124,SF-P3O-NoSpectral,HalfCheetah-v4,0
9000,reward,9,-758.8662138605787,-746.23,SF-P3O-NoSpectral,HalfCheetah-v4,0
10000,speed,624.33,0.27,SF-P3O-NoSpectral,HalfCheetah-v4,0
10000,reward,10,-896.5631486155434,-761.263,SF-P3O-NoSpectral,HalfCheetah-v4,0
11000,reward,11,-871.3534821329175,-779.196,SF-P3O-NoSpectral,HalfCheetah-v4,0
12000,reward,12,-645.7688823805953,-768.679,SF-P3O-NoSpectral,HalfCheetah-v4,0
13000,reward,13,-617.6242252596413,-761.168,SF-P3O-NoSpectral,HalfCheetah-v4,0
14000,reward,14,-796.7536362684949,-770.797,SF-P3O-NoSpectral,HalfCheetah-v4,0
15000,reward,15,-748.9930849657127,-738.998,SF-P3O-NoSpectral,HalfCheetah-v4,0
16000,reward,16,-604.3647670372036,-734.162,SF-P3O-NoSpectral,HalfCheetah-v4,0
16384,loss,-0.1349141150712967,0.5298723578453064,SF-P3O-NoSpectral,HalfCheetah-v4,0
16384,diagnostics,0.0,53.23,2.671,0.007827,0.968299,0.1346,0.130238,SF-P3O-NoSpectral,HalfCheetah-v4,0
17000,reward,17,-967.1694122439415,-752.796,SF-P3O-NoSpectral,HalfCheetah-v4,0
18000,reward,18,-642.5320328962188,-754.999,SF-P3O-NoSpectral,HalfCheetah-v4,0
19000,reward,19,-620.256752149797,-741.138,SF-P3O-NoSpectral,HalfCheetah-v4,0
20000,speed,629.13,0.53,SF-P3O-NoSpectral,HalfCheetah-v4,0
20000,reward,20,-665.3688472651307,-718.019,SF-P3O-NoSpectral,HalfCheetah-v4,0
21000,reward,21,-770.820898100933,-707.965,SF-P3O-NoSpectral,HalfCheetah-v4,0
22000,reward,22,-831.2303329024282,-726.511,SF-P3O-NoSpectral,HalfCheetah-v4,0
23000,reward,23,-633.4786356836418,-728.097,SF-P3O-NoSpectral,HalfCheetah-v4,0
24000,reward,24,-616.3658814381446,-710.058,SF-P3O-NoSpectral,HalfCheetah-v4,0
24576,loss,-0.020519934594631195,0.6846810579299927,SF-P3O-NoSpectral,HalfCheetah-v4,0
25000,reward,25,-698.5212803386786,-705.011,SF-P3O-NoSpectral,HalfCheetah-v4,0
26000,reward,26,-459.0798196229687,-690.482,SF-P3O-NoSpectral,HalfCheetah-v4,0
27000,reward,27,-713.5929903711518,-665.125,SF-P3O-NoSpectral,HalfCheetah-v4,0
28000,reward,28,-607.2900585438166,-661.601,SF-P3O-NoSpectral,HalfCheetah-v4,0
29000,reward,29,-568.424144032514,-656.417,SF-P3O-NoSpectral,HalfCheetah-v4,0
30000,speed,603.13,0.81,SF-P3O-NoSpectral,HalfCheetah-v4,0
30000,reward,30,-659.6442458414293,-655.845,SF-P3O-NoSpectral,HalfCheetah-v4,0
31000,reward,31,-755.2172547567707,-654.284,SF-P3O-NoSpectral,HalfCheetah-v4,0
32000,reward,32,-639.2666074271435,-635.088,SF-P3O-NoSpectral,HalfCheetah-v4,0
32768,loss,-0.015017855912446976,0.6338756680488586,SF-P3O-NoSpectral,HalfCheetah-v4,0
32768,diagnostics,0.0,53.65,3.7315,0.014411,0.965327,0.1465,0.1219,SF-P3O-NoSpectral,HalfCheetah-v4,0
33000,reward,33,-769.4293924049166,-648.683,SF-P3O-NoSpectral,HalfCheetah-v4,0
34000,reward,34,-701.3313625680055,-657.18,SF-P3O-NoSpectral,HalfCheetah-v4,0
35000,reward,35,-814.1534147688429,-668.743,SF-P3O-NoSpectral,HalfCheetah-v4,0
36000,reward,36,-686.0423911195742,-691.439,SF-P3O-NoSpectral,HalfCheetah-v4,0
37000,reward,37,-757.8840237023678,-695.868,SF-P3O-NoSpectral,HalfCheetah-v4,0
38000,reward,38,-788.8544564005409,-714.025,SF-P3O-NoSpectral,HalfCheetah-v4,0
39000,reward,39,-717.5598152432316,-728.938,SF-P3O-NoSpectral,HalfCheetah-v4,0
40000,speed,622.72,1.08,SF-P3O-NoSpectral,HalfCheetah-v4,0
40000,reward,40,-702.8956465187804,-733.263,SF-P3O-NoSpectral,HalfCheetah-v4,0
40960,loss,-0.014978369697928429,0.6667008399963379,SF-P3O-NoSpectral,HalfCheetah-v4,0
41000,reward,41,-515.7503658630343,-709.317,SF-P3O-NoSpectral,HalfCheetah-v4,0
42000,reward,42,-641.600626914327,-709.55,SF-P3O-NoSpectral,HalfCheetah-v4,0
43000,reward,43,-690.4308353681826,-701.65,SF-P3O-NoSpectral,HalfCheetah-v4,0
44000,reward,44,-646.396298150074,-696.157,SF-P3O-NoSpectral,HalfCheetah-v4,0
45000,reward,45,-494.43369721448335,-664.185,SF-P3O-NoSpectral,HalfCheetah-v4,0
46000,reward,46,-627.8211467597182,-658.363,SF-P3O-NoSpectral,HalfCheetah-v4,0
47000,reward,47,-615.0476110327004,-644.079,SF-P3O-NoSpectral,HalfCheetah-v4,0
48000,reward,48,-659.6385698967758,-631.157,SF-P3O-NoSpectral,HalfCheetah-v4,0
49000,reward,49,-630.3991336904778,-622.441,SF-P3O-NoSpectral,HalfCheetah-v4,0
49152,loss,-0.0055616069585084915,0.6978307962417603,SF-P3O-NoSpectral,HalfCheetah-v4,0
49152,diagnostics,0.0,54.12,6.398,0.018097,0.962083,0.1589,0.116083,SF-P3O-NoSpectral,HalfCheetah-v4,0
50000,speed,402.41,1.49,SF-P3O-NoSpectral,HalfCheetah-v4,0
50000,perturb,0.01951,0.961654,0.1589,41353,26493,0.278736,1,SF-P3O-NoSpectral,HalfCheetah-v4,0
50000,reward,50,-568.8786431667736,-609.04,SF-P3O-NoSpectral,HalfCheetah-v4,0
51000,reward,51,-659.1228051110386,-623.377,SF-P3O-NoSpectral,HalfCheetah-v4,0
52000,reward,52,-653.541311879021,-624.571,SF-P3O-NoSpectral,HalfCheetah-v4,0
53000,reward,53,-495.72715879446037,-605.101,SF-P3O-NoSpectral,HalfCheetah-v4,0
54000,reward,54,-567.3672433280442,-597.198,SF-P3O-NoSpectral,HalfCheetah-v4,0
55000,reward,55,-471.4717570926784,-594.902,SF-P3O-NoSpectral,HalfCheetah-v4,0
56000,reward,56,-665.9905584351345,-598.718,SF-P3O-NoSpectral,HalfCheetah-v4,0
57000,reward,57,-840.1133437533891,-621.225,SF-P3O-NoSpectral,HalfCheetah-v4,0
57344,loss,-0.027020668610930443,0.7651526927947998,SF-P3O-NoSpectral,HalfCheetah-v4,0
58000,reward,58,-794.6006283304606,-634.721,SF-P3O-NoSpectral,HalfCheetah-v4,0
59000,reward,59,-557.712210323197,-627.453,SF-P3O-NoSpectral,HalfCheetah-v4,0
60000,speed,611.04,1.76,SF-P3O-NoSpectral,HalfCheetah-v4,0
60000,reward,60,-626.8837512171366,-633.253,SF-P3O-NoSpectral,HalfCheetah-v4,0
61000,reward,61,-590.6554971987414,-626.406,SF-P3O-NoSpectral,HalfCheetah-v4,0
62000,reward,62,-564.5563062248444,-617.508,SF-P3O-NoSpectral,HalfCheetah-v4,0
63000,reward,63,-572.5502723809419,-625.19,SF-P3O-NoSpectral,HalfCheetah-v4,0
64000,reward,64,-647.6030094606164,-633.214,SF-P3O-NoSpectral,HalfCheetah-v4,0
65000,reward,65,-658.8788958731944,-651.954,SF-P3O-NoSpectral,HalfCheetah-v4,0
65536,loss,-0.15014620125293732,0.9887278079986572,SF-P3O-NoSpectral,HalfCheetah-v4,0
65536,diagnostics,0.0,55.77,9.1064,0.023277,0.95946,0.2333,0.122573,SF-P3O-NoSpectral,HalfCheetah-v4,0
66000,reward,66,-557.9946416806459,-641.155,SF-P3O-NoSpectral,HalfCheetah-v4,0
67000,reward,67,-566.2617945219893,-613.77,SF-P3O-NoSpectral,HalfCheetah-v4,0
68000,reward,68,-519.1162904272184,-586.221,SF-P3O-NoSpectral,HalfCheetah-v4,0
69000,reward,69,-649.6282377813425,-595.413,SF-P3O-NoSpectral,HalfCheetah-v4,0
70000,speed,605.23,2.04,SF-P3O-NoSpectral,HalfCheetah-v4,0
70000,reward,70,-619.6612273375902,-594.691,SF-P3O-NoSpectral,HalfCheetah-v4,0
71000,reward,71,-492.6419802006215,-584.889,SF-P3O-NoSpectral,HalfCheetah-v4,0
72000,reward,72,-607.9756784505092,-589.231,SF-P3O-NoSpectral,HalfCheetah-v4,0
73000,reward,73,-538.2548439727154,-585.802,SF-P3O-NoSpectral,HalfCheetah-v4,0
73728,loss,-0.039330217987298965,0.6962516903877258,SF-P3O-NoSpectral,HalfCheetah-v4,0
74000,reward,74,-580.6955554178555,-579.111,SF-P3O-NoSpectral,HalfCheetah-v4,0
75000,reward,75,-510.1493475616928,-564.238,SF-P3O-NoSpectral,HalfCheetah-v4,0
76000,reward,76,-580.1997983571027,-566.458,SF-P3O-NoSpectral,HalfCheetah-v4,0
77000,reward,77,-547.8161772398033,-564.614,SF-P3O-NoSpectral,HalfCheetah-v4,0
78000,reward,78,-586.8829692215382,-571.391,SF-P3O-NoSpectral,HalfCheetah-v4,0
79000,reward,79,-482.183745401686,-554.646,SF-P3O-NoSpectral,HalfCheetah-v4,0
80000,speed,613.47,2.31,SF-P3O-NoSpectral,HalfCheetah-v4,0
80000,reward,80,-571.1310784361606,-549.793,SF-P3O-NoSpectral,HalfCheetah-v4,0
81000,reward,81,-534.3281497102477,-553.962,SF-P3O-NoSpectral,HalfCheetah-v4,0
81920,loss,-0.00507703423500061,0.9446374773979187,SF-P3O-NoSpectral,HalfCheetah-v4,0
81920,diagnostics,0.0,56.19,9.3346,0.025312,0.958544,0.2832,0.116716,SF-P3O-NoSpectral,HalfCheetah-v4,0
82000,reward,82,-523.1491214156342,-545.479,SF-P3O-NoSpectral,HalfCheetah-v4,0
83000,reward,83,-359.92614582560606,-527.646,SF-P3O-NoSpectral,HalfCheetah-v4,0
84000,reward,84,-531.5234132974418,-522.729,SF-P3O-NoSpectral,HalfCheetah-v4,0
85000,reward,85,-494.8310021619534,-521.197,SF-P3O-NoSpectral,HalfCheetah-v4,0
86000,reward,86,-556.6635298989204,-518.844,SF-P3O-NoSpectral,HalfCheetah-v4,0
87000,reward,87,-508.5093291234482,-514.913,SF-P3O-NoSpectral,HalfCheetah-v4,0
88000,reward,88,-467.46893384957366,-502.971,SF-P3O-NoSpectral,HalfCheetah-v4,0
89000,reward,89,-668.3313052645686,-521.586,SF-P3O-NoSpectral,HalfCheetah-v4,0
90000,speed,607.72,2.58,SF-P3O-NoSpectral,HalfCheetah-v4,0
90000,reward,90,-461.65212399789795,-510.638,SF-P3O-NoSpectral,HalfCheetah-v4,0
90112,loss,-0.04505331814289093,0.6536017060279846,SF-P3O-NoSpectral,HalfCheetah-v4,0
91000,reward,91,-558.8442230648616,-513.09,SF-P3O-NoSpectral,HalfCheetah-v4,0
92000,reward,92,-542.8700747469358,-515.062,SF-P3O-NoSpectral,HalfCheetah-v4,0
93000,reward,93,-524.4963180085063,-531.519,SF-P3O-NoSpectral,HalfCheetah-v4,0
94000,reward,94,-526.7017674741533,-531.037,SF-P3O-NoSpectral,HalfCheetah-v4,0
95000,reward,95,-408.0485633844395,-522.359,SF-P3O-NoSpectral,HalfCheetah-v4,0
96000,reward,96,-506.10014563561657,-517.302,SF-P3O-NoSpectral,HalfCheetah-v4,0
97000,reward,97,-473.0195113244888,-513.753,SF-P3O-NoSpectral,HalfCheetah-v4,0
98000,reward,98,-632.9273574642591,-530.299,SF-P3O-NoSpectral,HalfCheetah-v4,0
98304,loss,-0.13103610277175903,0.7981087565422058,SF-P3O-NoSpectral,HalfCheetah-v4,0
98304,diagnostics,0.0,56.63,13.4338,0.02742,0.95815,0.2815,0.113141,SF-P3O-NoSpectral,HalfCheetah-v4,0
99000,reward,99,-278.05680066622034,-491.272,SF-P3O-NoSpectral,HalfCheetah-v4,0
100000,speed,413.99,2.99,SF-P3O-NoSpectral,HalfCheetah-v4,0
100000,perturb,0.027846,0.958024,0.2815,38190,29656,0.258191,2,SF-P3O-NoSpectral,HalfCheetah-v4,0
100000,reward,100,-573.3414604536588,-502.441,SF-P3O-NoSpectral,HalfCheetah-v4,0
101000,reward,101,-547.6009892151221,-501.316,SF-P3O-NoSpectral,HalfCheetah-v4,0
102000,reward,102,-727.5487223658813,-519.784,SF-P3O-NoSpectral,HalfCheetah-v4,0
103000,reward,103,-505.769102735839,-517.911,SF-P3O-NoSpectral,HalfCheetah-v4,0
104000,reward,104,-407.6594196493288,-506.007,SF-P3O-NoSpectral,HalfCheetah-v4,0
105000,reward,105,-512.2165951493702,-516.424,SF-P3O-NoSpectral,HalfCheetah-v4,0
106000,reward,106,-420.35468648202044,-507.849,SF-P3O-NoSpectral,HalfCheetah-v4,0
106496,loss,-0.0825967937707901,1.0124202966690063,SF-P3O-NoSpectral,HalfCheetah-v4,0
107000,reward,107,-507.3544407937377,-511.283,SF-P3O-NoSpectral,HalfCheetah-v4,0
108000,reward,108,-443.80242765994615,-492.37,SF-P3O-NoSpectral,HalfCheetah-v4,0
109000,reward,109,-532.3420182658494,-517.799,SF-P3O-NoSpectral,HalfCheetah-v4,0
110000,speed,618.51,3.26,SF-P3O-NoSpectral,HalfCheetah-v4,0
110000,reward,110,-445.5204582626334,-505.017,SF-P3O-NoSpectral,HalfCheetah-v4,0
111000,reward,111,-520.1270649698824,-502.269,SF-P3O-NoSpectral,HalfCheetah-v4,0
112000,reward,112,-313.2558076848639,-460.84,SF-P3O-NoSpectral,HalfCheetah-v4,0
113000,reward,113,-439.2077637923675,-454.184,SF-P3O-NoSpectral,HalfCheetah-v4,0
114000,reward,114,-302.93534308920806,-443.712,SF-P3O-NoSpectral,HalfCheetah-v4,0
114688,loss,-0.03998749330639839,0.7307906150817871,SF-P3O-NoSpectral,HalfCheetah-v4,0
114688,diagnostics,0.0,58.13,10.3362,0.029627,0.956933,0.4164,0.122846,SF-P3O-NoSpectral,HalfCheetah-v4,0
115000,reward,115,-227.40854640715347,-415.231,SF-P3O-NoSpectral,HalfCheetah-v4,0
116000,reward,116,-553.8050884483881,-428.576,SF-P3O-NoSpectral,HalfCheetah-v4,0
117000,reward,117,-529.4871364078118,-430.789,SF-P3O-NoSpectral,HalfCheetah-v4,0
118000,reward,118,-335.36461353791117,-419.945,SF-P3O-NoSpectral,HalfCheetah-v4,0
119000,reward,119,-505.1279580023135,-417.224,SF-P3O-NoSpectral,HalfCheetah-v4,0
120000,speed,619.03,3.53,SF-P3O-NoSpectral,HalfCheetah-v4,0
120000,reward,120,-441.2681484956908,-416.799,SF-P3O-NoSpectral,HalfCheetah-v4,0
121000,reward,121,-570.7051951213997,-421.857,SF-P3O-NoSpectral,HalfCheetah-v4,0
122000,reward,122,-413.4840796272805,-431.879,SF-P3O-NoSpectral,HalfCheetah-v4,0
122880,loss,0.007445439696311951,0.9733375310897827,SF-P3O-NoSpectral,HalfCheetah-v4,0
123000,reward,123,-499.58119920952345,-437.917,SF-P3O-NoSpectral,HalfCheetah-v4,0
124000,reward,124,-326.932146325469,-440.316,SF-P3O-NoSpectral,HalfCheetah-v4,0
125000,reward,125,-405.0413623148072,-458.08,SF-P3O-NoSpectral,HalfCheetah-v4,0
126000,reward,126,-324.62616310645535,-435.162,SF-P3O-NoSpectral,HalfCheetah-v4,0
127000,reward,127,-297.29586533429756,-411.943,SF-P3O-NoSpectral,HalfCheetah-v4,0
128000,reward,128,-261.5924999413112,-404.565,SF-P3O-NoSpectral,HalfCheetah-v4,0
129000,reward,129,-422.30590296510064,-396.283,SF-P3O-NoSpectral,HalfCheetah-v4,0
130000,speed,642.55,3.78,SF-P3O-NoSpectral,HalfCheetah-v4,0
130000,reward,130,-297.4944933422215,-381.906,SF-P3O-NoSpectral,HalfCheetah-v4,0
131000,reward,131,-343.0560756668709,-359.141,SF-P3O-NoSpectral,HalfCheetah-v4,0
131072,loss,0.0035354439169168472,0.7602840662002563,SF-P3O-NoSpectral,HalfCheetah-v4,0
131072,diagnostics,0.0,58.53,8.1553,0.031338,0.956856,0.4256,0.11944,SF-P3O-NoSpectral,HalfCheetah-v4,0
132000,reward,132,-243.24214445322025,-342.117,SF-P3O-NoSpectral,HalfCheetah-v4,0
133000,reward,133,-551.6451341942034,-347.323,SF-P3O-NoSpectral,HalfCheetah-v4,0
134000,reward,134,-472.5458351799703,-361.885,SF-P3O-NoSpectral,HalfCheetah-v4,0
135000,reward,135,-532.7474673335086,-374.655,SF-P3O-NoSpectral,HalfCheetah-v4,0
136000,reward,136,-320.99425400338237,-374.292,SF-P3O-NoSpectral,HalfCheetah-v4,0
137000,reward,137,-518.4827539312664,-396.411,SF-P3O-NoSpectral,HalfCheetah-v4,0
138000,reward,138,-289.75267094603305,-399.227,SF-P3O-NoSpectral,HalfCheetah-v4,0
139000,reward,139,-373.0932791970242,-394.305,SF-P3O-NoSpectral,HalfCheetah-v4,0
139264,loss,-0.009440092369914055,0.58387690782547,SF-P3O-NoSpectral,HalfCheetah-v4,0
140000,speed,413.85,4.19,SF-P3O-NoSpectral,HalfCheetah-v4,0
140000,reward,140,-364.82332806897307,-401.038,SF-P3O-NoSpectral,HalfCheetah-v4,0
141000,reward,141,-532.144869747222,-419.947,SF-P3O-NoSpectral,HalfCheetah-v4,0
142000,reward,142,-274.84448327904124,-423.107,SF-P3O-NoSpectral,HalfCheetah-v4,0
143000,reward,143,-394.3991235537109,-407.383,SF-P3O-NoSpectral,HalfCheetah-v4,0
144000,reward,144,-516.8957531540294,-411.818,SF-P3O-NoSpectral,HalfCheetah-v4,0
145000,reward,145,-267.2938555118517,-385.272,SF-P3O-NoSpectral,HalfCheetah-v4,0
146000,reward,146,-309.37182583552953,-384.11,SF-P3O-NoSpectral,HalfCheetah-v4,0
147000,reward,147,-294.1209943861906,-361.674,SF-P3O-NoSpectral,HalfCheetah-v4,0
147456,loss,-0.010192960500717163,0.8415331840515137,SF-P3O-NoSpectral,HalfCheetah-v4,0
147456,diagnostics,0.0,58.93,9.4466,0.032802,0.955648,0.4547,0.115074,SF-P3O-NoSpectral,HalfCheetah-v4,0
148000,reward,148,-380.02214414884315,-370.701,SF-P3O-NoSpectral,HalfCheetah-v4,0
149000,reward,149,-359.9370145820678,-369.385,SF-P3O-NoSpectral,HalfCheetah-v4,0
150000,speed,620.7,4.46,SF-P3O-NoSpectral,HalfCheetah-v4,0
150000,perturb,0.033276,0.955517,0.4547,36364,31482,0.293279,3,SF-P3O-NoSpectral,HalfCheetah-v4,0
150000,reward,150,-395.4802711699291,-372.451,SF-P3O-NoSpectral,HalfCheetah-v4,0
151000,reward,151,-310.39438686428025,-350.276,SF-P3O-NoSpectral,HalfCheetah-v4,0
152000,reward,152,-409.6292245694961,-363.754,SF-P3O-NoSpectral,HalfCheetah-v4,0
153000,reward,153,-452.56206064232225,-369.571,SF-P3O-NoSpectral,HalfCheetah-v4,0
154000,reward,154,-388.29375143298563,-356.711,SF-P3O-NoSpectral,HalfCheetah-v4,0
155000,reward,155,-210.54528895260034,-351.036,SF-P3O-NoSpectral,HalfCheetah-v4,0
155648,loss,-0.10249768197536469,0.8111317157745361,SF-P3O-NoSpectral,HalfCheetah-v4,0
156000,reward,156,-239.81303575404058,-344.08,SF-P3O-NoSpectral,HalfCheetah-v4,0
157000,reward,157,-269.49336814795964,-341.617,SF-P3O-NoSpectral,HalfCheetah-v4,0
158000,reward,158,-273.17711494724983,-330.933,SF-P3O-NoSpectral,HalfCheetah-v4,0
159000,reward,159,-351.09222629513204,-330.048,SF-P3O-NoSpectral,HalfCheetah-v4,0
160000,speed,617.09,4.73,SF-P3O-NoSpectral,HalfCheetah-v4,0
160000,reward,160,-364.39996836427565,-326.94,SF-P3O-NoSpectral,HalfCheetah-v4,0
161000,reward,161,-421.1799848465491,-338.019,SF-P3O-NoSpectral,HalfCheetah-v4,0
162000,reward,162,-273.96044901169694,-324.452,SF-P3O-NoSpectral,HalfCheetah-v4,0
163000,reward,163,-563.8684426173454,-335.582,SF-P3O-NoSpectral,HalfCheetah-v4,0
163840,loss,0.035355016589164734,0.7986268401145935,SF-P3O-NoSpectral,HalfCheetah-v4,0
163840,diagnostics,0.0,60.35,13.0645,0.034507,0.955525,0.5597,0.125512,SF-P3O-NoSpectral,HalfCheetah-v4,0
164000,reward,164,-213.95885507217793,-318.149,SF-P3O-NoSpectral,HalfCheetah-v4,0
165000,reward,165,-352.3541668477935,-332.33,SF-P3O-NoSpectral,HalfCheetah-v4,0
166000,reward,166,-540.8968167128477,-362.438,SF-P3O-NoSpectral,HalfCheetah-v4,0
167000,reward,167,-254.05910723252416,-360.895,SF-P3O-NoSpectral,HalfCheetah-v4,0
168000,reward,168,-369.93644874384546,-370.571,SF-P3O-NoSpectral,HalfCheetah-v4,0
169000,reward,169,-194.0972159881402,-354.871,SF-P3O-NoSpectral,HalfCheetah-v4,0
170000,speed,589.69,5.01,SF-P3O-NoSpectral,HalfCheetah-v4,0
170000,reward,170,-272.4132921260308,-345.672,SF-P3O-NoSpectral,HalfCheetah-v4,0
171000,reward,171,-263.42703225696613,-329.897,SF-P3O-NoSpectral,HalfCheetah-v4,0
172000,reward,172,-445.9884453023794,-347.1,SF-P3O-NoSpectral,HalfCheetah-v4,0
172032,loss,-0.061889585107564926,0.638291597366333,SF-P3O-NoSpectral,HalfCheetah-v4,0
173000,reward,173,-473.78945482927725,-338.092,SF-P3O-NoSpectral,HalfCheetah-v4,0
174000,reward,174,-354.0240324037414,-352.099,SF-P3O-NoSpectral,HalfCheetah-v4,0
175000,reward,175,-188.7403716041629,-335.737,SF-P3O-NoSpectral,HalfCheetah-v4,0
176000,reward,176,-553.1375280450417,-336.961,SF-P3O-NoSpectral,HalfCheetah-v4,0
177000,reward,177,-257.13469243067044,-337.269,SF-P3O-NoSpectral,HalfCheetah-v4,0
178000,reward,178,-395.1949595315898,-339.795,SF-P3O-NoSpectral,HalfCheetah-v4,0
179000,reward,179,-305.74335479911457,-350.959,SF-P3O-NoSpectral,HalfCheetah-v4,0
180000,speed,623.52,5.28,SF-P3O-NoSpectral,HalfCheetah-v4,0
180000,reward,180,-232.4553523523992,-346.964,SF-P3O-NoSpectral,HalfCheetah-v4,0
180224,loss,-0.0639633908867836,0.7151165008544922,SF-P3O-NoSpectral,HalfCheetah-v4,0
180224,diagnostics,0.0,60.73,8.9057,0.036097,0.954388,0.6818,0.118237,SF-P3O-NoSpectral,HalfCheetah-v4,0
181000,reward,181,-559.3116179449972,-376.552,SF-P3O-NoSpectral,HalfCheetah-v4,0
182000,reward,182,-225.11621051778732,-354.465,SF-P3O-NoSpectral,HalfCheetah-v4,0
183000,reward,183,-308.0653812872842,-337.892,SF-P3O-NoSpectral,HalfCheetah-v4,0
184000,reward,184,-194.164646903687,-321.906,SF-P3O-NoSpectral,HalfCheetah-v4,0
185000,reward,185,-228.82411344144396,-325.915,SF-P3O-NoSpectral,HalfCheetah-v4,0
186000,reward,186,-212.92423310347482,-291.893,SF-P3O-NoSpectral,HalfCheetah-v4,0
187000,reward,187,-288.0658572114267,-294.987,SF-P3O-NoSpectral,HalfCheetah-v4,0
188000,reward,188,-466.29815953707566,-302.097,SF-P3O-NoSpectral,HalfCheetah-v4,0
188416,loss,0.07401304692029953,0.8463351130485535,SF-P3O-NoSpectral,HalfCheetah-v4,0
189000,reward,189,-279.18699292233913,-299.441,SF-P3O-NoSpectral,HalfCheetah-v4,0
190000,speed,403.57,5.69,SF-P3O-NoSpectral,HalfCheetah-v4,0
190000,reward,190,-244.83502286144173,-300.679,SF-P3O-NoSpectral,HalfCheetah-v4,0
191000,reward,191,-240.49789329116473,-268.798,SF-P3O-NoSpectral,HalfCheetah-v4,0
192000,reward,192,-304.41392145023565,-276.728,SF-P3O-NoSpectral,HalfCheetah-v4,0
193000,reward,193,-237.545993781446,-269.676,SF-P3O-NoSpectral,HalfCheetah-v4,0
194000,reward,194,-301.42102770410304,-280.401,SF-P3O-NoSpectral,HalfCheetah-v4,0
195000,reward,195,-298.6856868436999,-287.387,SF-P3O-NoSpectral,HalfCheetah-v4,0
196000,reward,196,-288.0271126848707,-294.898,SF-P3O-NoSpectral,HalfCheetah-v4,0
196608,loss,-0.1273500621318817,0.8789138197898865,SF-P3O-NoSpectral,HalfCheetah-v4,0
196608,diagnostics,0.0,61.13,9.8795,0.037492,0.954912,0.7165,0.116362,SF-P3O-NoSpectral,HalfCheetah-v4,0
197000,reward,197,-386.9786407229513,-304.789,SF-P3O-NoSpectral,HalfCheetah-v4,0
198000,reward,198,-63.389688608279485,-264.498,SF-P3O-NoSpectral,HalfCheetah-v4,0
199000,reward,199,-302.3284984841945,-266.812,SF-P3O-NoSpectral,HalfCheetah-v4,0
200000,speed,629.04,5.95,SF-P3O-NoSpectral,HalfCheetah-v4,0
200000,perturb,0.038045,0.954694,0.7165,34773,33073,0.236584,4,SF-P3O-NoSpectral,HalfCheetah-v4,0
200000,reward,200,-470.82812074483707,-289.412,SF-P3O-NoSpectral,HalfCheetah-v4,0
201000,reward,201,-60.06385137650176,-271.368,SF-P3O-NoSpectral,HalfCheetah-v4,0
202000,reward,202,-292.29385194780855,-270.156,SF-P3O-NoSpectral,HalfCheetah-v4,0
203000,reward,203,-280.9786805439326,-274.5,SF-P3O-NoSpectral,HalfCheetah-v4,0
204000,reward,204,-171.68963054216175,-261.526,SF-P3O-NoSpectral,HalfCheetah-v4,0
204800,loss,-0.04756277799606323,1.0213890075683594,SF-P3O-NoSpectral,HalfCheetah-v4,0
205000,reward,205,-273.3048631998769,-258.988,SF-P3O-NoSpectral,HalfCheetah-v4,0
206000,reward,206,-79.30133539737375,-238.116,SF-P3O-NoSpectral,HalfCheetah-v4,0
207000,reward,207,-323.03438411293996,-231.721,SF-P3O-NoSpectral,HalfCheetah-v4,0
208000,reward,208,-408.8105835225508,-266.263,SF-P3O-NoSpectral,HalfCheetah-v4,0
209000,reward,209,-119.32022493090768,-247.963,SF-P3O-NoSpectral,HalfCheetah-v4,0
210000,speed,623.56,6.22,SF-P3O-NoSpectral,HalfCheetah-v4,0
210000,reward,210,-306.8188344740768,-231.562,SF-P3O-NoSpectral,HalfCheetah-v4,0
211000,reward,211,-150.07696651508155,-240.563,SF-P3O-NoSpectral,HalfCheetah-v4,0
212000,reward,212,-183.39783098204293,-229.673,SF-P3O-NoSpectral,HalfCheetah-v4,0
212992,loss,-0.11308474093675613,0.7939624786376953,SF-P3O-NoSpectral,HalfCheetah-v4,0
212992,diagnostics,0.0,62.45,12.2562,0.039486,0.954807,0.7525,0.126253,SF-P3O-NoSpectral,HalfCheetah-v4,0
213000,reward,213,-151.53848834085875,-216.729,SF-P3O-NoSpectral,HalfCheetah-v4,0
214000,reward,214,-21.43991940662538,-201.704,SF-P3O-NoSpectral,HalfCheetah-v4,0
215000,reward,215,-161.60843928470237,-190.535,SF-P3O-NoSpectral,HalfCheetah-v4,0
216000,reward,216,-66.65374412105386,-189.27,SF-P3O-NoSpectral,HalfCheetah-v4,0
217000,reward,217,-161.8138451485719,-173.148,SF-P3O-NoSpectral,HalfCheetah-v4,0
218000,reward,218,-198.11824007733242,-152.079,SF-P3O-NoSpectral,HalfCheetah-v4,0
219000,reward,219,-292.44243755309657,-169.391,SF-P3O-NoSpectral,HalfCheetah-v4,0
220000,speed,611.04,6.49,SF-P3O-NoSpectral,HalfCheetah-v4,0
220000,reward,220,-218.26290606633572,-160.535,SF-P3O-NoSpectral,HalfCheetah-v4,0
221000,reward,221,-167.92613139751217,-162.32,SF-P3O-NoSpectral,HalfCheetah-v4,0
221184,loss,0.09538066387176514,0.8514331579208374,SF-P3O-NoSpectral,HalfCheetah-v4,0
222000,reward,222,-295.94606281520817,-173.575,SF-P3O-NoSpectral,HalfCheetah-v4,0
223000,reward,223,-258.27331931475373,-184.249,SF-P3O-NoSpectral,HalfCheetah-v4,0
224000,reward,224,-299.83834733808925,-212.088,SF-P3O-NoSpectral,HalfCheetah-v4,0
225000,reward,225,-219.77429544872422,-217.905,SF-P3O-NoSpectral,HalfCheetah-v4,0
226000,reward,226,-107.55392276835614,-221.995,SF-P3O-NoSpectral,HalfCheetah-v4,0
227000,reward,227,-62.12772656471154,-212.026,SF-P3O-NoSpectral,HalfCheetah-v4,0
228000,reward,228,-77.82253272620969,-199.997,SF-P3O-NoSpectral,HalfCheetah-v4,0
229000,reward,229,-237.64060827772843,-194.517,SF-P3O-NoSpectral,HalfCheetah-v4,0
229376,loss,-0.006714779883623123,0.7246153354644775,SF-P3O-NoSpectral,HalfCheetah-v4,0
229376,diagnostics,0.0,62.84,8.1817,0.040788,0.95454,0.7937,0.120673,SF-P3O-NoSpectral,HalfCheetah-v4,0
230000,speed,401.89,6.91,SF-P3O-NoSpectral,HalfCheetah-v4,0
230000,reward,230,-168.77543236695428,-189.568,SF-P3O-NoSpectral,HalfCheetah-v4,0
231000,reward,231,-176.76816255331028,-190.452,SF-P3O-NoSpectral,HalfCheetah-v4,0
232000,reward,232,-212.10828145053654,-182.068,SF-P3O-NoSpectral,HalfCheetah-v4,0
233000,reward,233,-129.62940064555966,-169.204,SF-P3O-NoSpectral,HalfCheetah-v4,0
234000,reward,234,-97.63577396898083,-148.984,SF-P3O-NoSpectral,HalfCheetah-v4,0
235000,reward,235,-106.35816425885677,-137.642,SF-P3O-NoSpectral,HalfCheetah-v4,0
236000,reward,236,-375.59614684634715,-164.446,SF-P3O-NoSpectral,HalfCheetah-v4,0
237000,reward,237,-127.80212142089546,-171.014,SF-P3O-NoSpectral,HalfCheetah-v4,0
237568,loss,-0.01864929497241974,0.8103968501091003,SF-P3O-NoSpectral,HalfCheetah-v4,0
238000,reward,238,-165.3081610850512,-179.762,SF-P3O-NoSpectral,HalfCheetah-v4,0
239000,reward,239,-6.059719950860043,-156.604,SF-P3O-NoSpectral,HalfCheetah-v4,0
240000,speed,639.29,7.17,SF-P3O-NoSpectral,HalfCheetah-v4,0
240000,reward,240,-106.3247276486727,-150.359,SF-P3O-NoSpectral,HalfCheetah-v4,0
241000,reward,241,-32.98801737214885,-135.981,SF-P3O-NoSpectral,HalfCheetah-v4,0
242000,reward,242,-384.8923949566396,-153.259,SF-P3O-NoSpectral,HalfCheetah-v4,0
243000,reward,243,-86.14081059028874,-148.911,SF-P3O-NoSpectral,HalfCheetah-v4,0
244000,reward,244,-158.74596814934625,-155.022,SF-P3O-NoSpectral,HalfCheetah-v4,0
245000,reward,245,-159.05008383355982,-160.291,SF-P3O-NoSpectral,HalfCheetah-v4,0
245760,loss,-0.04609954357147217,0.7873092293739319,SF-P3O-NoSpectral,HalfCheetah-v4,0
245760,diagnostics,0.0,63.22,8.9401,0.042051,0.954562,0.8685,0.118738,SF-P3O-NoSpectral,HalfCheetah-v4,0
246000,reward,246,-112.7268359029406,-134.004,SF-P3O-NoSpectral,HalfCheetah-v4,0
247000,reward,247,-196.8673437872089,-140.91,SF-P3O-NoSpectral,HalfCheetah-v4,0
248000,reward,248,-129.47840026180845,-137.327,SF-P3O-NoSpectral,HalfCheetah-v4,0
249000,reward,249,-263.78524234838534,-163.1,SF-P3O-NoSpectral,HalfCheetah-v4,0
250000,speed,615.65,7.44,SF-P3O-NoSpectral,HalfCheetah-v4,0
250000,perturb,0.042339,0.95449,0.8685,33226,34620,0.251811,5,SF-P3O-NoSpectral,HalfCheetah-v4,0
250000,reward,250,-42.84201627781363,-156.752,SF-P3O-NoSpectral,HalfCheetah-v4,0
251000,reward,251,-174.50838847410654,-170.904,SF-P3O-NoSpectral,HalfCheetah-v4,0
252000,reward,252,-115.05851520525937,-143.92,SF-P3O-NoSpectral,HalfCheetah-v4,0
253000,reward,253,-100.51802251261827,-145.358,SF-P3O-NoSpectral,HalfCheetah-v4,0
253952,loss,-0.15822646021842957,0.8174613118171692,SF-P3O-NoSpectral,HalfCheetah-v4,0
254000,reward,254,-252.99880311462746,-154.783,SF-P3O-NoSpectral,HalfCheetah-v4,0
255000,reward,255,-67.37165326403124,-145.616,SF-P3O-NoSpectral,HalfCheetah-v4,0
256000,reward,256,-44.49145090923902,-138.792,SF-P3O-NoSpectral,HalfCheetah-v4,0
257000,reward,257,-3.3219510391763976,-119.437,SF-P3O-NoSpectral,HalfCheetah-v4,0
258000,reward,258,-56.995363207624195,-112.189,SF-P3O-NoSpectral,HalfCheetah-v4,0
259000,reward,259,-2.4938695382961384,-86.06,SF-P3O-NoSpectral,HalfCheetah-v4,0
260000,speed,618.5,7.71,SF-P3O-NoSpectral,HalfCheetah-v4,0
260000,reward,260,-13.155150918336986,-83.091,SF-P3O-NoSpectral,HalfCheetah-v4,0
261000,reward,261,-40.53711504154655,-69.694,SF-P3O-NoSpectral,HalfCheetah-v4,0
262000,reward,262,-105.12929610579108,-68.701,SF-P3O-NoSpectral,HalfCheetah-v4,0
262144,loss,-0.01961606927216053,0.770190417766571,SF-P3O-NoSpectral,HalfCheetah-v4,0
262144,diagnostics,0.0,64.48,12.1019,0.043743,0.953902,0.8783,0.130144,SF-P3O-NoSpectral,HalfCheetah-v4,0
263000,reward,263,-55.240063693464776,-64.173,SF-P3O-NoSpectral,HalfCheetah-v4,0
264000,reward,264,-106.61749701399249,-49.535,SF-P3O-NoSpectral,HalfCheetah-v4,0
265000,reward,265,-32.94858813350534,-46.093,SF-P3O-NoSpectral,HalfCheetah-v4,0
266000,reward,266,-53.08573627266631,-46.952,SF-P3O-NoSpectral,HalfCheetah-v4,0
267000,reward,267,-140.9003062136747,-60.71,SF-P3O-NoSpectral,HalfCheetah-v4,0
268000,reward,268,-151.42965543602696,-70.154,SF-P3O-NoSpectral,HalfCheetah-v4,0
269000,reward,269,-110.12329781320449,-80.917,SF-P3O-NoSpectral,HalfCheetah-v4,0
270000,speed,609.13,7.98,SF-P3O-NoSpectral,HalfCheetah-v4,0
270000,reward,270,2.4743916130163583,-79.354,SF-P3O-NoSpectral,HalfCheetah-v4,0
270336,loss,-0.03189333900809288,0.8270746469497681,SF-P3O-NoSpectral,HalfCheetah-v4,0
271000,reward,271,10.253982675349633,-74.275,SF-P3O-NoSpectral,HalfCheetah-v4,0
272000,reward,272,-13.962311445992242,-65.158,SF-P3O-NoSpectral,HalfCheetah-v4,0
273000,reward,273,-66.71614428837356,-66.306,SF-P3O-NoSpectral,HalfCheetah-v4,0
274000,reward,274,-1.1361913200529585,-55.757,SF-P3O-NoSpectral,HalfCheetah-v4,0
275000,reward,275,-96.25175122009051,-62.088,SF-P3O-NoSpectral,HalfCheetah-v4,0
276000,reward,276,-84.54204770622458,-65.233,SF-P3O-NoSpectral,HalfCheetah-v4,0
277000,reward,277,-40.74348531086912,-55.218,SF-P3O-NoSpectral,HalfCheetah-v4,0
278000,reward,278,71.14069823677664,-32.961,SF-P3O-NoSpectral,HalfCheetah-v4,0
278528,loss,-0.015243223868310452,0.9342385530471802,SF-P3O-NoSpectral,HalfCheetah-v4,0
278528,diagnostics,0.0,64.88,15.4443,0.045212,0.953796,0.853,0.121289,SF-P3O-NoSpectral,HalfCheetah-v4,0
279000,reward,279,-96.91226664097319,-31.64,SF-P3O-NoSpectral,HalfCheetah-v4,0
280000,speed,391.75,8.41,SF-P3O-NoSpectral,HalfCheetah-v4,0
280000,reward,280,161.12250534293455,-15.775,SF-P3O-NoSpectral,HalfCheetah-v4,0
281000,reward,281,32.30167557314909,-13.57,SF-P3O-NoSpectral,HalfCheetah-v4,0
282000,reward,282,-15.575573615147292,-13.731,SF-P3O-NoSpectral,HalfCheetah-v4,0
283000,reward,283,82.17824334594414,1.158,SF-P3O-NoSpectral,HalfCheetah-v4,0
284000,reward,284,-84.64193660939388,-7.192,SF-P3O-NoSpectral,HalfCheetah-v4,0
285000,reward,285,-452.43349614840685,-42.811,SF-P3O-NoSpectral,HalfCheetah-v4,0
286000,reward,286,32.16819582373754,-31.14,SF-P3O-NoSpectral,HalfCheetah-v4,0
286720,loss,0.03550964221358299,0.6925491690635681,SF-P3O-NoSpectral,HalfCheetah-v4,0
287000,reward,287,64.30096469747954,-20.635,SF-P3O-NoSpectral,HalfCheetah-v4,0
288000,reward,288,12.357792158266314,-26.513,SF-P3O-NoSpectral,HalfCheetah-v4,0
289000,reward,289,129.5132182377763,-3.871,SF-P3O-NoSpectral,HalfCheetah-v4,0
290000,speed,609.84,8.68,SF-P3O-NoSpectral,HalfCheetah-v4,0
290000,reward,290,-52.88596170661039,-25.272,SF-P3O-NoSpectral,HalfCheetah-v4,0
291000,reward,291,272.3287524739404,-1.269,SF-P3O-NoSpectral,HalfCheetah-v4,0
292000,reward,292,-283.77835731980684,-28.089,SF-P3O-NoSpectral,HalfCheetah-v4,0
293000,reward,293,-88.4228100005756,-45.149,SF-P3O-NoSpectral,HalfCheetah-v4,0
294000,reward,294,65.48730223468989,-30.136,SF-P3O-NoSpectral,HalfCheetah-v4,0
294912,loss,-0.06181361898779869,0.6394209861755371,SF-P3O-NoSpectral,HalfCheetah-v4,0
294912,diagnostics,0.0,65.3,7.8958,0.046489,0.953983,0.8438,0.120027,SF-P3O-NoSpectral,HalfCheetah-v4,0
295000,reward,295,-119.01411155059954,3.205,SF-P3O-NoSpectral,HalfCheetah-v4,0
296000,reward,296,56.816147406796844,5.67,SF-P3O-NoSpectral,HalfCheetah-v4,0
297000,reward,297,-28.768750599169678,-3.637,SF-P3O-NoSpectral,HalfCheetah-v4,0
298000,reward,298,6.428642942063007,-4.23,SF-P3O-NoSpectral,HalfCheetah-v4,0
299000,reward,299,204.21947187145153,3.241,SF-P3O-NoSpectral,HalfCheetah-v4,0
300000,speed,608.17,8.96,SF-P3O-NoSpectral,HalfCheetah-v4,0
300000,perturb,0.047147,0.953639,0.8438,31723,36123,0.30015,6,SF-P3O-NoSpectral,HalfCheetah-v4,0
300000,reward,300,184.80236121152072,27.01,SF-P3O-NoSpectral,HalfCheetah-v4,0
301000,reward,301,80.58703558705982,7.836,SF-P3O-NoSpectral,HalfCheetah-v4,0
302000,reward,302,206.592860148204,56.873,SF-P3O-NoSpectral,HalfCheetah-v4,0
303000,reward,303,73.47815954316846,73.063,SF-P3O-NoSpectral,HalfCheetah-v4,0
303104,loss,-0.022833386436104774,0.5689282417297363,SF-P3O-NoSpectral,HalfCheetah-v4,0
304000,reward,304,163.53415840430378,82.868,SF-P3O-NoSpectral,HalfCheetah-v4,0
305000,reward,305,163.4306810921333,111.112,SF-P3O-NoSpectral,HalfCheetah-v4,0
306000,reward,306,148.7581763646633,120.306,SF-P3O-NoSpectral,HalfCheetah-v4,0
307000,reward,307,179.49222480638883,141.132,SF-P3O-NoSpectral,HalfCheetah-v4,0
308000,reward,308,106.08865068080435,151.098,SF-P3O-NoSpectral,HalfCheetah-v4,0
309000,reward,309,52.352245092774965,135.912,SF-P3O-NoSpectral,HalfCheetah-v4,0
310000,speed,620.66,9.22,SF-P3O-NoSpectral,HalfCheetah-v4,0
310000,reward,310,138.3192623339005,131.263,SF-P3O-NoSpectral,HalfCheetah-v4,0
311000,reward,311,85.30693080816282,131.735,SF-P3O-NoSpectral,HalfCheetah-v4,0
311296,loss,-0.019602028653025627,0.6609534621238708,SF-P3O-NoSpectral,HalfCheetah-v4,0
311296,diagnostics,0.0,66.48,5.9653,0.048124,0.95318,0.8764,0.129806,SF-P3O-NoSpectral,HalfCheetah-v4,0
312000,reward,312,156.41837127253837,126.718,SF-P3O-NoSpectral,HalfCheetah-v4,0
313000,reward,313,167.5512189450212,136.125,SF-P3O-NoSpectral,HalfCheetah-v4,0
314000,reward,314,160.42870559962932,135.815,SF-P3O-NoSpectral,HalfCheetah-v4,0
315000,reward,315,193.86176697775582,138.858,SF-P3O-NoSpectral,HalfCheetah-v4,0
316000,reward,316,67.81566588631037,130.764,SF-P3O-NoSpectral,HalfCheetah-v4,0
317000,reward,317,91.05069645692556,121.919,SF-P3O-NoSpectral,HalfCheetah-v4,0
318000,reward,318,247.8634133259426,136.097,SF-P3O-NoSpectral,HalfCheetah-v4,0
319000,reward,319,120.94663987641701,142.956,SF-P3O-NoSpectral,HalfCheetah-v4,0
319488,loss,0.028313640505075455,0.7219379544258118,SF-P3O-NoSpectral,HalfCheetah-v4,0
320000,speed,401.96,9.64,SF-P3O-NoSpectral,HalfCheetah-v4,0
320000,reward,320,61.433606452927165,135.268,SF-P3O-NoSpectral,HalfCheetah-v4,0
321000,reward,321,281.50170466348237,154.887,SF-P3O-NoSpectral,HalfCheetah-v4,0
322000,reward,322,0.1374349026911581,139.259,SF-P3O-NoSpectral,HalfCheetah-v4,0
323000,reward,323,111.33589590449066,133.638,SF-P3O-NoSpectral,HalfCheetah-v4,0
324000,reward,324,31.96994775229686,120.792,SF-P3O-NoSpectral,HalfCheetah-v4,0
325000,reward,325,104.70694979498744,111.876,SF-P3O-NoSpectral,HalfCheetah-v4,0
326000,reward,326,188.4424239371573,123.939,SF-P3O-NoSpectral,HalfCheetah-v4,0
327000,reward,327,229.80011477481185,137.814,SF-P3O-NoSpectral,HalfCheetah-v4,0
327680,loss,0.09020715951919556,0.7258096933364868,SF-P3O-NoSpectral,HalfCheetah-v4,0
327680,diagnostics,0.0,66.87,6.4704,0.04938,0.952963,0.8546,0.121494,SF-P3O-NoSpectral,HalfCheetah-v4,0
328000,reward,328,144.10975964851775,127.438,SF-P3O-NoSpectral,HalfCheetah-v4,0
329000,reward,329,119.01808556484401,127.246,SF-P3O-NoSpectral,HalfCheetah-v4,0
330000,speed,636.93,9.9,SF-P3O-NoSpectral,HalfCheetah-v4,0
330000,reward,330,54.04608904144813,126.507,SF-P3O-NoSpectral,HalfCheetah-v4,0
331000,reward,331,68.48938764383186,105.206,SF-P3O-NoSpectral,HalfCheetah-v4,0
332000,reward,332,67.42493573554604,111.934,SF-P3O-NoSpectral,HalfCheetah-v4,0
333000,reward,333,-107.41814483611752,90.059,SF-P3O-NoSpectral,HalfCheetah-v4,0
334000,reward,334,174.8412657463002,104.346,SF-P3O-NoSpectral,HalfCheetah-v4,0
335000,reward,335,288.2981188456788,122.705,SF-P3O-NoSpectral,HalfCheetah-v4,0
335872,loss,-0.11978571116924286,0.6250478625297546,SF-P3O-NoSpectral,HalfCheetah-v4,0
336000,reward,336,68.34287497886119,110.695,SF-P3O-NoSpectral,HalfCheetah-v4,0
337000,reward,337,351.6978905516987,122.885,SF-P3O-NoSpectral,HalfCheetah-v4,0
338000,reward,338,191.26600820177404,127.601,SF-P3O-NoSpectral,HalfCheetah-v4,0
339000,reward,339,269.681833773468,142.667,SF-P3O-NoSpectral,HalfCheetah-v4,0
340000,speed,636.15,10.16,SF-P3O-NoSpectral,HalfCheetah-v4,0
340000,reward,340,110.58277605513075,148.321,SF-P3O-NoSpectral,HalfCheetah-v4,0
341000,reward,341,215.83635708424433,163.055,SF-P3O-NoSpectral,HalfCheetah-v4,0
342000,reward,342,349.24373799058463,191.237,SF-P3O-NoSpectral,HalfCheetah-v4,0
343000,reward,343,401.8295693146978,242.162,SF-P3O-NoSpectral,HalfCheetah-v4,0
344000,reward,344,348.33537797104896,259.511,SF-P3O-NoSpectral,HalfCheetah-v4,0
344064,loss,-0.10186712443828583,0.7602518796920776,SF-P3O-NoSpectral,HalfCheetah-v4,0
344064,diagnostics,0.0,67.26,10.3318,0.050481,0.952194,0.8063,0.118965,SF-P3O-NoSpectral,HalfCheetah-v4,0
345000,reward,345,219.75286202768953,252.657,SF-P3O-NoSpectral,HalfCheetah-v4,0
346000,reward,346,235.09432617628624,269.332,SF-P3O-NoSpectral,HalfCheetah-v4,0
347000,reward,347,-300.5317978124782,204.109,SF-P3O-NoSpectral,HalfCheetah-v4,0
348000,reward,348,266.72813538133926,211.655,SF-P3O-NoSpectral,HalfCheetah-v4,0
349000,reward,349,341.6898827088163,218.856,SF-P3O-NoSpectral,HalfCheetah-v4,0
350000,speed,605.28,10.44,SF-P3O-NoSpectral,HalfCheetah-v4,0
350000,perturb,0.050908,0.951947,0.8063,30370,37476,0.281015,7,SF-P3O-NoSpectral,HalfCheetah-v4,0
350000,reward,350,262.9896069542391,234.097,SF-P3O-NoSpectral,HalfCheetah-v4,0
351000,reward,351,126.68350873420249,225.182,SF-P3O-NoSpectral,HalfCheetah-v4,0
352000,reward,352,208.82542617074617,211.14,SF-P3O-NoSpectral,HalfCheetah-v4,0
352256,loss,-0.114796943962574,0.5189416408538818,SF-P3O-NoSpectral,HalfCheetah-v4,0
353000,reward,353,-14.475217505640316,169.509,SF-P3O-NoSpectral,HalfCheetah-v4,0
354000,reward,354,234.27103080680678,158.103,SF-P3O-NoSpectral,HalfCheetah-v4,0
355000,reward,355,263.16125838439564,162.444,SF-P3O-NoSpectral,HalfCheetah-v4,0
356000,reward,356,185.55631262851753,157.49,SF-P3O-NoSpectral,HalfCheetah-v4,0
357000,reward,357,285.2950972411453,216.073,SF-P3O-NoSpectral,HalfCheetah-v4,0
358000,reward,358,388.24955476191815,228.225,SF-P3O-NoSpectral,HalfCheetah-v4,0
359000,reward,359,194.8170503119464,213.537,SF-P3O-NoSpectral,HalfCheetah-v4,0
360000,speed,642.72,10.7,SF-P3O-NoSpectral,HalfCheetah-v4,0
360000,reward,360,432.0699696298623,230.445,SF-P3O-NoSpectral,HalfCheetah-v4,0
360448,loss,-0.11020993441343307,0.8097338080406189,SF-P3O-NoSpectral,HalfCheetah-v4,0
360448,diagnostics,0.0,68.4,10.8354,0.052162,0.951025,0.7949,0.130486,SF-P3O-NoSpectral,HalfCheetah-v4,0
361000,reward,361,210.29729387381528,238.807,SF-P3O-NoSpectral,HalfCheetah-v4,0
362000,reward,362,238.40847044282532,241.765,SF-P3O-NoSpectral,HalfCheetah-v4,0
363000,reward,363,-486.77827400455385,194.535,SF-P3O-NoSpectral,HalfCheetah-v4,0
364000,reward,364,199.75846999915092,191.084,SF-P3O-NoSpectral,HalfCheetah-v4,0
365000,reward,365,258.09174837660464,190.577,SF-P3O-NoSpectral,HalfCheetah-v4,0
366000,reward,366,81.35233320119214,180.156,SF-P3O-NoSpectral,HalfCheetah-v4,0
367000,reward,367,216.61651668923702,173.288,SF-P3O-NoSpectral,HalfCheetah-v4,0
368000,reward,368,218.62448447677377,156.326,SF-P3O-NoSpectral,HalfCheetah-v4,0
368640,loss,0.05222545936703682,0.6230329871177673,SF-P3O-NoSpectral,HalfCheetah-v4,0
369000,reward,369,-197.40714920710917,117.103,SF-P3O-NoSpectral,HalfCheetah-v4,0
370000,speed,405.47,11.11,SF-P3O-NoSpectral,HalfCheetah-v4,0
370000,reward,370,288.08367488359045,102.705,SF-P3O-NoSpectral,HalfCheetah-v4,0
371000,reward,371,410.8580969811701,122.761,SF-P3O-NoSpectral,HalfCheetah-v4,0
372000,reward,372,292.9028960610956,128.21,SF-P3O-NoSpectral,HalfCheetah-v4,0
373000,reward,373,376.77020617596855,214.565,SF-P3O-NoSpectral,HalfCheetah-v4,0
374000,reward,374,418.58727754163255,236.448,SF-P3O-NoSpectral,HalfCheetah-v4,0
375000,reward,375,247.098865997851,235.349,SF-P3O-NoSpectral,HalfCheetah-v4,0
376000,reward,376,396.4467600366647,266.858,SF-P3O-NoSpectral,HalfCheetah-v4,0
376832,loss,-0.04348721355199814,0.623343825340271,SF-P3O-NoSpectral,HalfCheetah-v4,0
376832,diagnostics,0.0,68.77,7.7515,0.053322,0.950597,0.7688,0.12338,SF-P3O-NoSpectral,HalfCheetah-v4,0
377000,reward,377,372.8256973367776,282.479,SF-P3O-NoSpectral,HalfCheetah-v4,0
378000,reward,378,404.14053020018366,301.031,SF-P3O-NoSpectral,HalfCheetah-v4,0
379000,reward,379,273.854261086139,348.157,SF-P3O-NoSpectral,HalfCheetah-v4,0
380000,speed,628.54,11.37,SF-P3O-NoSpectral,HalfCheetah-v4,0
380000,reward,380,365.8833574439026,355.937,SF-P3O-NoSpectral,HalfCheetah-v4,0
381000,reward,381,289.44524339433667,343.796,SF-P3O-NoSpectral,HalfCheetah-v4,0
382000,reward,382,456.85460143615563,360.191,SF-P3O-NoSpectral,HalfCheetah-v4,0
383000,reward,383,433.48491296342866,365.862,SF-P3O-NoSpectral,HalfCheetah-v4,0
384000,reward,384,326.5631554514527,356.66,SF-P3O-NoSpectral,HalfCheetah-v4,0
385000,reward,385,290.11996370537327,360.962,SF-P3O-NoSpectral,HalfCheetah-v4,0
385024,loss,-0.03848504275083542,0.7845796346664429,SF-P3O-NoSpectral,HalfCheetah-v4,0
386000,reward,386,451.1701171261866,366.434,SF-P3O-NoSpectral,HalfCheetah-v4,0
387000,reward,387,373.28973434648003,366.481,SF-P3O-NoSpectral,HalfCheetah-v4,0
388000,reward,388,405.8406319182681,366.651,SF-P3O-NoSpectral,HalfCheetah-v4,0
389000,reward,389,478.6913844059869,387.134,SF-P3O-NoSpectral,HalfCheetah-v4,0
390000,speed,626.44,11.64,SF-P3O-NoSpectral,HalfCheetah-v4,0
390000,reward,390,233.65594829986642,373.912,SF-P3O-NoSpectral,HalfCheetah-v4,0
391000,reward,391,388.5233006947974,383.819,SF-P3O-NoSpectral,HalfCheetah-v4,0
392000,reward,392,465.5164898112173,384.686,SF-P3O-NoSpectral,HalfCheetah-v4,0
393000,reward,393,267.2385024116603,368.061,SF-P3O-NoSpectral,HalfCheetah-v4,0
393216,loss,-0.06587933003902435,0.7522746324539185,SF-P3O-NoSpectral,HalfCheetah-v4,0
393216,diagnostics,0.0,69.13,11.164,0.054346,0.950172,0.7316,0.120582,SF-P3O-NoSpectral,HalfCheetah-v4,0
394000,reward,394,451.75599302611766,380.58,SF-P3O-NoSpectral,HalfCheetah-v4,0
395000,reward,395,520.4782127579392,403.616,SF-P3O-NoSpectral,HalfCheetah-v4,0
396000,reward,396,513.7916561257387,409.878,SF-P3O-NoSpectral,HalfCheetah-v4,0
397000,reward,397,403.97529747934686,412.947,SF-P3O-NoSpectral,HalfCheetah-v4,0
398000,reward,398,313.41428237278814,403.704,SF-P3O-NoSpectral,HalfCheetah-v4,0
399000,reward,399,305.0659382236079,386.342,SF-P3O-NoSpectral,HalfCheetah-v4,0
400000,speed,607.84,11.91,SF-P3O-NoSpectral,HalfCheetah-v4,0
400000,perturb,0.054973,0.949811,0.7316,29058,38788,0.314875,8,SF-P3O-NoSpectral,HalfCheetah-v4,0
400000,reward,400,510.5217235020342,414.028,SF-P3O-NoSpectral,HalfCheetah-v4,0
401000,reward,401,316.05330877155984,406.781,SF-P3O-NoSpectral,HalfCheetah-v4,0
401408,loss,-0.02930843085050583,0.7556712031364441,SF-P3O-NoSpectral,HalfCheetah-v4,0
402000,reward,402,501.13299505521366,410.343,SF-P3O-NoSpectral,HalfCheetah-v4,0
403000,reward,403,374.46823851482645,421.066,SF-P3O-NoSpectral,HalfCheetah-v4,0
404000,reward,404,561.232491544071,432.013,SF-P3O-NoSpectral,HalfCheetah-v4,0
405000,reward,405,356.31433526886474,415.597,SF-P3O-NoSpectral,HalfCheetah-v4,0
406000,reward,406,476.1223207485403,411.83,SF-P3O-NoSpectral,HalfCheetah-v4,0
407000,reward,407,541.4719226121033,425.58,SF-P3O-NoSpectral,HalfCheetah-v4,0
408000,reward,408,410.1069763252834,435.249,SF-P3O-NoSpectral,HalfCheetah-v4,0
409000,reward,409,-39.57032362235054,400.785,SF-P3O-NoSpectral,HalfCheetah-v4,0
409600,loss,-0.07242786884307861,0.665290892124176,SF-P3O-NoSpectral,HalfCheetah-v4,0
409600,diagnostics,0.0,70.32,11.0402,0.056081,0.949581,0.7357,0.130468,SF-P3O-NoSpectral,HalfCheetah-v4,0
410000,speed,404.38,12.33,SF-P3O-NoSpectral,HalfCheetah-v4,0
410000,reward,410,249.0010203471631,374.633,SF-P3O-NoSpectral,HalfCheetah-v4,0
411000,reward,411,454.2748891014766,388.455,SF-P3O-NoSpectral,HalfCheetah-v4,0
412000,reward,412,477.8696072135275,386.129,SF-P3O-NoSpectral,HalfCheetah-v4,0
413000,reward,413,478.1062494744384,396.493,SF-P3O-NoSpectral,HalfCheetah-v4,0
414000,reward,414,540.5544124523108,394.425,SF-P3O-NoSpectral,HalfCheetah-v4,0
415000,reward,415,788.4133434479054,437.635,SF-P3O-NoSpectral,HalfCheetah-v4,0
416000,reward,416,349.8641158659424,425.009,SF-P3O-NoSpectral,HalfCheetah-v4,0
417000,reward,417,531.1586207299815,423.978,SF-P3O-NoSpectral,HalfCheetah-v4,0
417792,loss,0.056704506278038025,0.92818683385849,SF-P3O-NoSpectral,HalfCheetah-v4,0
418000,reward,418,406.0165605413139,423.569,SF-P3O-NoSpectral,HalfCheetah-v4,0
419000,reward,419,604.2786218882388,487.954,SF-P3O-NoSpectral,HalfCheetah-v4,0
420000,speed,633.11,12.59,SF-P3O-NoSpectral,HalfCheetah-v4,0
420000,reward,420,414.0506347188835,504.459,SF-P3O-NoSpectral,HalfCheetah-v4,0
421000,reward,421,381.54838577567756,497.186,SF-P3O-NoSpectral,HalfCheetah-v4,0
422000,reward,422,718.1047136508594,521.21,SF-P3O-NoSpectral,HalfCheetah-v4,0
423000,reward,423,720.0566880151889,545.405,SF-P3O-NoSpectral,HalfCheetah-v4,0
424000,reward,424,394.8630399511362,530.835,SF-P3O-NoSpectral,HalfCheetah-v4,0
425000,reward,425,470.0618313560418,499.0,SF-P3O-NoSpectral,HalfCheetah-v4,0
425984,loss,-0.01427530124783516,0.7297337055206299,SF-P3O-NoSpectral,HalfCheetah-v4,0
425984,diagnostics,0.0,70.68,15.4269,0.057166,0.949552,0.7141,0.12475,SF-P3O-NoSpectral,HalfCheetah-v4,0
426000,reward,426,484.90110454796843,512.504,SF-P3O-NoSpectral,HalfCheetah-v4,0
427000,reward,427,668.7065314145427,526.259,SF-P3O-NoSpectral,HalfCheetah-v4,0
428000,reward,428,728.4342395345359,558.501,SF-P3O-NoSpectral,HalfCheetah-v4,0
429000,reward,429,619.4982652829359,560.023,SF-P3O-NoSpectral,HalfCheetah-v4,0
430000,speed,602.2,12.87,SF-P3O-NoSpectral,HalfCheetah-v4,0
430000,reward,430,508.7403145856455,569.492,SF-P3O-NoSpectral,HalfCheetah-v4,0
431000,reward,431,401.37092065603485,571.474,SF-P3O-NoSpectral,HalfCheetah-v4,0
432000,reward,432,558.242508945282,555.488,SF-P3O-NoSpectral,HalfCheetah-v4,0
433000,reward,433,742.2322879516113,557.705,SF-P3O-NoSpectral,HalfCheetah-v4,0
434000,reward,434,526.2579340487384,570.845,SF-P3O-NoSpectral,HalfCheetah-v4,0
434176,loss,-0.023751605302095413,0.7205346822738647,SF-P3O-NoSpectral,HalfCheetah-v4,0
435000,reward,435,474.80437287794956,571.319,SF-P3O-NoSpectral,HalfCheetah-v4,0
436000,reward,436,610.2881134616786,583.858,SF-P3O-NoSpectral,HalfCheetah-v4,0
437000,reward,437,463.87041355564156,563.374,SF-P3O-NoSpectral,HalfCheetah-v4,0
438000,reward,438,-545.565084183959,435.974,SF-P3O-NoSpectral,HalfCheetah-v4,0
439000,reward,439,459.14010097087385,419.938,SF-P3O-NoSpectral,HalfCheetah-v4,0
440000,speed,623.31,13.13,SF-P3O-NoSpectral,HalfCheetah-v4,0
440000,reward,440,803.4445033167972,449.409,SF-P3O-NoSpectral,HalfCheetah-v4,0
441000,reward,441,636.6569614601863,472.937,SF-P3O-NoSpectral,HalfCheetah-v4,0
442000,reward,442,589.2340883584329,476.036,SF-P3O-NoSpectral,HalfCheetah-v4,0
442368,loss,-0.1258971393108368,0.4604133367538452,SF-P3O-NoSpectral,HalfCheetah-v4,0
442368,diagnostics,0.0,71.04,9.8605,0.057958,0.94982,0.7051,0.122914,SF-P3O-NoSpectral,HalfCheetah-v4,0
443000,reward,443,594.8921353428343,461.302,SF-P3O-NoSpectral,HalfCheetah-v4,0
444000,reward,444,486.924534609303,457.369,SF-P3O-NoSpectral,HalfCheetah-v4,0
445000,reward,445,588.5372166686241,468.742,SF-P3O-NoSpectral,HalfCheetah-v4,0
446000,reward,446,684.4416257972293,476.158,SF-P3O-NoSpectral,HalfCheetah-v4,0
447000,reward,447,730.3854155992933,502.809,SF-P3O-NoSpectral,HalfCheetah-v4,0
448000,reward,448,668.5664032557279,624.222,SF-P3O-NoSpectral,HalfCheetah-v4,0
449000,reward,449,607.2367951167197,639.032,SF-P3O-NoSpectral,HalfCheetah-v4,0
450000,speed,606.87,13.41,SF-P3O-NoSpectral,HalfCheetah-v4,0
450000,perturb,0.058779,0.949392,0.7051,27831,40015,0.356661,9,SF-P3O-NoSpectral,HalfCheetah-v4,0
450000,reward,450,516.6441208587535,610.352,SF-P3O-NoSpectral,HalfCheetah-v4,0
450560,loss,-0.0582241490483284,0.8446157574653625,SF-P3O-NoSpectral,HalfCheetah-v4,0
451000,reward,451,579.9502898428291,604.681,SF-P3O-NoSpectral,HalfCheetah-v4,0
452000,reward,452,687.7286109112962,614.531,SF-P3O-NoSpectral,HalfCheetah-v4,0
453000,reward,453,450.30902002680705,600.072,SF-P3O-NoSpectral,HalfCheetah-v4,0
454000,reward,454,609.6607921109137,612.346,SF-P3O-NoSpectral,HalfCheetah-v4,0
455000,reward,455,756.8332242421442,629.176,SF-P3O-NoSpectral,HalfCheetah-v4,0
456000,reward,456,487.67340352875163,609.499,SF-P3O-NoSpectral,HalfCheetah-v4,0
457000,reward,457,448.32299943474595,581.293,SF-P3O-NoSpectral,HalfCheetah-v4,0
458000,reward,458,-545.553778036243,459.881,SF-P3O-NoSpectral,HalfCheetah-v4,0
458752,loss,0.01961025595664978,0.6842161417007446,SF-P3O-NoSpectral,HalfCheetah-v4,0
458752,diagnostics,0.0,72.52,13.8597,0.059663,0.949223,0.7366,0.131587,SF-P3O-NoSpectral,HalfCheetah-v4,0
459000,reward,459,567.1781867718141,455.875,SF-P3O-NoSpectral,HalfCheetah-v4,0
460000,speed,401.22,13.82,SF-P3O-NoSpectral,HalfCheetah-v4,0
460000,reward,460,817.5776655074826,485.968,SF-P3O-NoSpectral,HalfCheetah-v4,0
461000,reward,461,455.34599916840216,473.508,SF-P3O-NoSpectral,HalfCheetah-v4,0
462000,reward,462,576.8787333927377,462.423,SF-P3O-NoSpectral,HalfCheetah-v4,0
463000,reward,463,656.6999802425366,483.062,SF-P3O-NoSpectral,HalfCheetah-v4,0
464000,reward,464,644.733299801617,486.569,SF-P3O-NoSpectral,HalfCheetah-v4,0
465000,reward,465,573.7214171631434,468.258,SF-P3O-NoSpectral,HalfCheetah-v4,0
466000,reward,466,483.384030498392,467.829,SF-P3O-NoSpectral,HalfCheetah-v4,0
466944,loss,-0.06574376672506332,0.7984915971755981,SF-P3O-NoSpectral,HalfCheetah-v4,0
467000,reward,467,682.5892674560921,491.255,SF-P3O-NoSpectral,HalfCheetah-v4,0
468000,reward,468,652.6707734305725,611.078,SF-P3O-NoSpectral,HalfCheetah-v4,0
469000,reward,469,633.8137182359036,617.741,SF-P3O-NoSpectral,HalfCheetah-v4,0
470000,speed,639.37,14.08,SF-P3O-NoSpectral,HalfCheetah-v4,0
470000,reward,470,737.0210544107267,609.686,SF-P3O-NoSpectral,HalfCheetah-v4,0
471000,reward,471,750.1297081742568,639.164,SF-P3O-NoSpectral,HalfCheetah-v4,0
472000,reward,472,-412.7964657294354,540.197,SF-P3O-NoSpectral,HalfCheetah-v4,0
473000,reward,473,703.9231138266715,544.919,SF-P3O-NoSpectral,HalfCheetah-v4,0
474000,reward,474,404.460797932954,520.892,SF-P3O-NoSpectral,HalfCheetah-v4,0
475000,reward,475,713.2370785038958,534.843,SF-P3O-NoSpectral,HalfCheetah-v4,0
475136,loss,0.03823498263955116,0.5450842976570129,SF-P3O-NoSpectral,HalfCheetah-v4,0
475136,diagnostics,0.0,72.88,8.4571,0.060606,0.949114,0.7163,0.126411,SF-P3O-NoSpectral,HalfCheetah-v4,0
476000,reward,476,717.3046091772633,558.235,SF-P3O-NoSpectral,HalfCheetah-v4,0
477000,reward,477,660.8926431591974,556.066,SF-P3O-NoSpectral,HalfCheetah-v4,0
478000,reward,478,758.2183195035477,566.62,SF-P3O-NoSpectral,HalfCheetah-v4,0
479000,reward,479,601.8866853490655,563.428,SF-P3O-NoSpectral,HalfCheetah-v4,0
480000,speed,631.0,14.35,SF-P3O-NoSpectral,HalfCheetah-v4,0
480000,reward,480,497.3931208721447,539.465,SF-P3O-NoSpectral,HalfCheetah-v4,0
481000,reward,481,667.9479988286123,531.247,SF-P3O-NoSpectral,HalfCheetah-v4,0
482000,reward,482,-547.7900086028302,517.747,SF-P3O-NoSpectral,HalfCheetah-v4,0
483000,reward,483,835.079816172966,530.863,SF-P3O-NoSpectral,HalfCheetah-v4,0
483328,loss,-0.029337070882320404,0.4489593505859375,SF-P3O-NoSpectral,HalfCheetah-v4,0
484000,reward,484,680.8400257891161,558.501,SF-P3O-NoSpectral,HalfCheetah-v4,0
485000,reward,485,741.882358776039,561.366,SF-P3O-NoSpectral,HalfCheetah-v4,0
486000,reward,486,315.5709616752903,521.192,SF-P3O-NoSpectral,HalfCheetah-v4,0
487000,reward,487,785.6499321572077,533.668,SF-P3O-NoSpectral,HalfCheetah-v4,0
488000,reward,488,729.1408348534944,530.76,SF-P3O-NoSpectral,HalfCheetah-v4,0
489000,reward,489,589.0762016806457,529.479,SF-P3O-NoSpectral,HalfCheetah-v4,0
490000,speed,590.05,14.63,SF-P3O-NoSpectral,HalfCheetah-v4,0
490000,reward,490,752.6593589902749,555.006,SF-P3O-NoSpectral,HalfCheetah-v4,0
491000,reward,491,637.3976204601078,551.951,SF-P3O-NoSpectral,HalfCheetah-v4,0
491520,loss,-0.04385210946202278,0.6284478902816772,SF-P3O-NoSpectral,HalfCheetah-v4,0
491520,diagnostics,0.0,73.26,10.7829,0.061613,0.948794,0.6969,0.120939,SF-P3O-NoSpectral,HalfCheetah-v4,0
492000,reward,492,732.6632773161655,679.996,SF-P3O-NoSpectral,HalfCheetah-v4,0
493000,reward,493,509.99033656142103,647.487,SF-P3O-NoSpectral,HalfCheetah-v4,0
494000,reward,494,801.2987612864354,659.533,SF-P3O-NoSpectral,HalfCheetah-v4,0
495000,reward,495,746.2555125448936,659.97,SF-P3O-NoSpectral,HalfCheetah-v4,0
496000,reward,496,729.2599994167912,701.339,SF-P3O-NoSpectral,HalfCheetah-v4,0
497000,reward,497,860.7488171537153,708.849,SF-P3O-NoSpectral,HalfCheetah-v4,0
498000,reward,498,655.7528489377407,701.51,SF-P3O-NoSpectral,HalfCheetah-v4,0
499000,reward,499,773.4828830836433,719.951,SF-P3O-NoSpectral,HalfCheetah-v4,0
499712,loss,-0.02255229279398918,0.6514626741409302,SF-P3O-NoSpectral,HalfCheetah-v4,0
500000,speed,408.41,15.04,SF-P3O-NoSpectral,HalfCheetah-v4,0
500000,perturb,0.062697,0.948531,0.6969,26456,41390,0.3578,10,SF-P3O-NoSpectral,HalfCheetah-v4,0
500000,reward,500,744.5642157948844,719.141,SF-P3O-NoSpectral,HalfCheetah-v4,0
501000,reward,501,477.4464527606019,703.146,SF-P3O-NoSpectral,HalfCheetah-v4,0
502000,reward,502,729.8755829008886,702.868,SF-P3O-NoSpectral,HalfCheetah-v4,0
503000,reward,503,790.7882608825794,730.947,SF-P3O-NoSpectral,HalfCheetah-v4,0
504000,reward,504,652.3286161925456,716.05,SF-P3O-NoSpectral,HalfCheetah-v4,0
505000,reward,505,641.7192312317944,705.597,SF-P3O-NoSpectral,HalfCheetah-v4,0
506000,reward,506,847.8371486387691,717.454,SF-P3O-NoSpectral,HalfCheetah-v4,0
507000,reward,507,1009.6422233964682,732.344,SF-P3O-NoSpectral,HalfCheetah-v4,0
507904,loss,-0.16061073541641235,0.6255010366439819,SF-P3O-NoSpectral,HalfCheetah-v4,0
507904,diagnostics,0.0,74.87,9.3967,0.063108,0.948509,0.7052,0.142537,SF-P3O-NoSpectral,HalfCheetah-v4,0
508000,reward,508,955.143449843144,762.283,SF-P3O-NoSpectral,HalfCheetah-v4,0
509000,reward,509,825.8075034860597,767.515,SF-P3O-NoSpectral,HalfCheetah-v4,0
510000,speed,631.94,15.3,SF-P3O-NoSpectral,HalfCheetah-v4,0
510000,reward,510,861.299808711156,779.189,SF-P3O-NoSpectral,HalfCheetah-v4,0
511000,reward,511,678.3646712409804,799.281,SF-P3O-NoSpectral,HalfCheetah-v4,0
512000,reward,512,800.1121102204028,806.304,SF-P3O-NoSpectral,HalfCheetah-v4,0
513000,reward,513,943.0659217996108,821.532,SF-P3O-NoSpectral,HalfCheetah-v4,0
514000,reward,514,876.6380144727759,843.963,SF-P3O-NoSpectral,HalfCheetah-v4,0
515000,reward,515,846.516343101498,864.443,SF-P3O-NoSpectral,HalfCheetah-v4,0
516000,reward,516,876.4239080813483,867.301,SF-P3O-NoSpectral,HalfCheetah-v4,0
516096,loss,-0.07034014165401459,0.7053327560424805,SF-P3O-NoSpectral,HalfCheetah-v4,0
517000,reward,517,594.4983658537975,825.787,SF-P3O-NoSpectral,HalfCheetah-v4,0
518000,reward,518,1011.4554622718517,831.418,SF-P3O-NoSpectral,HalfCheetah-v4,0
519000,reward,519,993.6112169369223,848.199,SF-P3O-NoSpectral,HalfCheetah-v4,0
520000,speed,626.24,15.57,SF-P3O-NoSpectral,HalfCheetah-v4,0
520000,reward,520,957.627208720247,857.831,SF-P3O-NoSpectral,HalfCheetah-v4,0
521000,reward,521,862.3969184289492,876.235,SF-P3O-NoSpectral,HalfCheetah-v4,0
522000,reward,522,974.6586000134962,893.689,SF-P3O-NoSpectral,HalfCheetah-v4,0
523000,reward,523,725.0168408581426,871.884,SF-P3O-NoSpectral,HalfCheetah-v4,0
524000,reward,524,954.0892784334858,879.629,SF-P3O-NoSpectral,HalfCheetah-v4,0
524288,loss,-0.06260732561349869,0.6452351212501526,SF-P3O-NoSpectral,HalfCheetah-v4,0
524288,diagnostics,0.0,75.18,13.6258,0.064007,0.948352,0.7065,0.130492,SF-P3O-NoSpectral,HalfCheetah-v4,0
525000,reward,525,755.1180464094737,870.49,SF-P3O-NoSpectral,HalfCheetah-v4,0
526000,reward,526,891.4134951700323,871.989,SF-P3O-NoSpectral,HalfCheetah-v4,0
527000,reward,527,1014.601899753774,913.999,SF-P3O-NoSpectral,HalfCheetah-v4,0
528000,reward,528,758.2803068065916,888.681,SF-P3O-NoSpectral,HalfCheetah-v4,0
529000,reward,529,795.0375567214296,868.824,SF-P3O-NoSpectral,HalfCheetah-v4,0
530000,speed,639.66,15.83,SF-P3O-NoSpectral,HalfCheetah-v4,0
530000,reward,530,763.1103151103632,849.372,SF-P3O-NoSpectral,HalfCheetah-v4,0
531000,reward,531,946.7542255828505,857.808,SF-P3O-NoSpectral,HalfCheetah-v4,0
532000,reward,532,924.339938197422,852.776,SF-P3O-NoSpectral,HalfCheetah-v4,0
532480,loss,-0.0010856594890356064,0.8446840643882751,SF-P3O-NoSpectral,HalfCheetah-v4,0
533000,reward,533,832.0159833670851,863.476,SF-P3O-NoSpectral,HalfCheetah-v4,0
534000,reward,534,866.648759389014,854.732,SF-P3O-NoSpectral,HalfCheetah-v4,0
535000,reward,535,897.5885596971801,868.979,SF-P3O-NoSpectral,HalfCheetah-v4,0
536000,reward,536,968.9243921869274,876.73,SF-P3O-NoSpectral,HalfCheetah-v4,0
537000,reward,537,1005.6403456281989,875.834,SF-P3O-NoSpectral,HalfCheetah-v4,0
538000,reward,538,1071.5747817673257,907.163,SF-P3O-NoSpectral,HalfCheetah-v4,0
539000,reward,539,977.2312132781233,925.383,SF-P3O-NoSpectral,HalfCheetah-v4,0
540000,speed,593.06,16.11,SF-P3O-NoSpectral,HalfCheetah-v4,0
540000,reward,540,1077.6913293201612,956.841,SF-P3O-NoSpectral,HalfCheetah-v4,0
540672,loss,0.02855675294995308,0.95460045337677,SF-P3O-NoSpectral,HalfCheetah-v4,0
540672,diagnostics,0.0,75.52,15.9356,0.064938,0.947896,0.6744,0.126004,SF-P3O-NoSpectral,HalfCheetah-v4,0
541000,reward,541,854.1517178450032,947.581,SF-P3O-NoSpectral,HalfCheetah-v4,0
542000,reward,542,1019.9928220523018,957.146,SF-P3O-NoSpectral,HalfCheetah-v4,0
543000,reward,543,-731.1799959999801,800.826,SF-P3O-NoSpectral,HalfCheetah-v4,0
544000,reward,544,849.4760119581072,799.109,SF-P3O-NoSpectral,HalfCheetah-v4,0
545000,reward,545,-378.2204962147414,671.528,SF-P3O-NoSpectral,HalfCheetah-v4,0
546000,reward,546,766.6031598512334,651.296,SF-P3O-NoSpectral,HalfCheetah-v4,0
547000,reward,547,926.3022967050256,643.362,SF-P3O-NoSpectral,HalfCheetah-v4,0
548000,reward,548,882.1639403032742,624.421,SF-P3O-NoSpectral,HalfCheetah-v4,0
548864,loss,-0.00013311393558979034,0.2883666753768921,SF-P3O-NoSpectral,HalfCheetah-v4,0
549000,reward,549,948.6089149619679,621.559,SF-P3O-NoSpectral,HalfCheetah-v4,0
550000,speed,401.38,16.53,SF-P3O-NoSpectral,HalfCheetah-v4,0
550000,perturb,0.066425,0.947473,0.6451,25285,42561,0.429598,11,SF-P3O-NoSpectral,HalfCheetah-v4,0
550000,reward,550,925.5638394458673,606.346,SF-P3O-NoSpectral,HalfCheetah-v4,0
551000,reward,551,742.1624765901558,595.147,SF-P3O-NoSpectral,HalfCheetah-v4,0
552000,reward,552,985.8588129581916,591.734,SF-P3O-NoSpectral,HalfCheetah-v4,0
553000,reward,553,827.2911735740015,747.581,SF-P3O-NoSpectral,HalfCheetah-v4,0
554000,reward,554,1065.969865198158,769.23,SF-P3O-NoSpectral,HalfCheetah-v4,0
555000,reward,555,781.085169231005,885.161,SF-P3O-NoSpectral,HalfCheetah-v4,0
556000,reward,556,1039.9808682153437,912.499,SF-P3O-NoSpectral,HalfCheetah-v4,0
557000,reward,557,1028.5417247914668,922.723,SF-P3O-NoSpectral,HalfCheetah-v4,0
557056,loss,-0.07577942311763763,0.7630707025527954,SF-P3O-NoSpectral,HalfCheetah-v4,0
557056,diagnostics,0.0,77.36,14.3327,0.066958,0.947342,0.6561,0.141452,SF-P3O-NoSpectral,HalfCheetah-v4,0
558000,reward,558,797.5527463868088,914.262,SF-P3O-NoSpectral,HalfCheetah-v4,0
559000,reward,559,1086.9589425236545,928.097,SF-P3O-NoSpectral,HalfCheetah-v4,0
560000,speed,609.71,16.8,SF-P3O-NoSpectral,HalfCheetah-v4,0
560000,reward,560,1106.723695681847,946.213,SF-P3O-NoSpectral,HalfCheetah-v4,0
561000,reward,561,980.611095683608,970.057,SF-P3O-NoSpectral,HalfCheetah-v4,0
562000,reward,562,1167.6832529427074,988.24,SF-P3O-NoSpectral,HalfCheetah-v4,0
563000,reward,563,1020.9898369089073,1007.61,SF-P3O-NoSpectral,HalfCheetah-v4,0
564000,reward,564,1074.6688473270287,1008.48,SF-P3O-NoSpectral,HalfCheetah-v4,0
565000,reward,565,908.688411211275,1021.24,SF-P3O-NoSpectral,HalfCheetah-v4,0
565248,loss,0.01666891574859619,0.7414356470108032,SF-P3O-NoSpectral,HalfCheetah-v4,0
566000,reward,566,1115.31441093093,1028.773,SF-P3O-NoSpectral,HalfCheetah-v4,0
567000,reward,567,1025.1718074523374,1028.436,SF-P3O-NoSpectral,HalfCheetah-v4,0
568000,reward,568,1117.1420967652905,1060.395,SF-P3O-NoSpectral,HalfCheetah-v4,0
569000,reward,569,1087.268480034626,1060.426,SF-P3O-NoSpectral,HalfCheetah-v4,0
570000,speed,612.21,17.07,SF-P3O-NoSpectral,HalfCheetah-v4,0
570000,reward,570,1005.6621016468428,1050.32,SF-P3O-NoSpectral,HalfCheetah-v4,0
571000,reward,571,998.9876445406446,1052.158,SF-P3O-NoSpectral,HalfCheetah-v4,0
572000,reward,572,1031.9849219892337,1038.588,SF-P3O-NoSpectral,HalfCheetah-v4,0
573000,reward,573,1122.369645495084,1048.726,SF-P3O-NoSpectral,HalfCheetah-v4,0
573440,loss,-0.006930194795131683,0.773042619228363,SF-P3O-NoSpectral,HalfCheetah-v4,0
573440,diagnostics,0.0,77.65,10.8285,0.067825,0.947706,0.6751,0.131383,SF-P3O-NoSpectral,HalfCheetah-v4,0
574000,reward,574,900.1252154887231,1031.271,SF-P3O-NoSpectral,HalfCheetah-v4,0
575000,reward,575,1230.2780522535547,1063.43,SF-P3O-NoSpectral,HalfCheetah-v4,0
576000,reward,576,1111.1623130620046,1063.015,SF-P3O-NoSpectral,HalfCheetah-v4,0
577000,reward,577,1070.2960500438196,1067.528,SF-P3O-NoSpectral,HalfCheetah-v4,0
578000,reward,578,1334.9659790801804,1089.31,SF-P3O-NoSpectral,HalfCheetah-v4,0
579000,reward,579,1017.106057307321,1082.294,SF-P3O-NoSpectral,HalfCheetah-v4,0
580000,speed,609.32,17.34,SF-P3O-NoSpectral,HalfCheetah-v4,0
580000,reward,580,1132.515491145259,1094.979,SF-P3O-NoSpectral,HalfCheetah-v4,0
581000,reward,581,1054.7697996589218,1100.557,SF-P3O-NoSpectral,HalfCheetah-v4,0
581632,loss,-0.06132690608501434,0.7915537357330322,SF-P3O-NoSpectral,HalfCheetah-v4,0
582000,reward,582,1146.3688180395213,1111.996,SF-P3O-NoSpectral,HalfCheetah-v4,0
583000,reward,583,1204.302051314101,1120.189,SF-P3O-NoSpectral,HalfCheetah-v4,0
584000,reward,584,1236.8644596810136,1153.863,SF-P3O-NoSpectral,HalfCheetah-v4,0
585000,reward,585,1116.2482141438386,1142.46,SF-P3O-NoSpectral,HalfCheetah-v4,0
586000,reward,586,1063.6918974914379,1137.713,SF-P3O-NoSpectral,HalfCheetah-v4,0
587000,reward,587,1439.8310092961262,1174.666,SF-P3O-NoSpectral,HalfCheetah-v4,0
588000,reward,588,1036.5498930115996,1144.825,SF-P3O-NoSpectral,HalfCheetah-v4,0
589000,reward,589,1221.0876733193281,1165.223,SF-P3O-NoSpectral,HalfCheetah-v4,0
589824,loss,-0.04191064462065697,0.48491930961608887,SF-P3O-NoSpectral,HalfCheetah-v4,0
589824,diagnostics,0.0,77.98,7.8139,0.068722,0.947492,0.6367,0.126068,SF-P3O-NoSpectral,HalfCheetah-v4,0
590000,speed,394.67,17.77,SF-P3O-NoSpectral,HalfCheetah-v4,0
590000,reward,590,-420.4781550068116,1009.924,SF-P3O-NoSpectral,HalfCheetah-v4,0
591000,reward,591,1070.7379350542908,1011.52,SF-P3O-NoSpectral,HalfCheetah-v4,0
592000,reward,592,1374.5208617454555,1034.336,SF-P3O-NoSpectral,HalfCheetah-v4,0
593000,reward,593,1225.4234120646774,1036.448,SF-P3O-NoSpectral,HalfCheetah-v4,0
594000,reward,594,1242.192852706594,1036.981,SF-P3O-NoSpectral,HalfCheetah-v4,0
595000,reward,595,1222.8069510924788,1047.636,SF-P3O-NoSpectral,HalfCheetah-v4,0
596000,reward,596,1003.8883038130117,1041.656,SF-P3O-NoSpectral,HalfCheetah-v4,0
597000,reward,597,1003.1382887536402,997.987,SF-P3O-NoSpectral,HalfCheetah-v4,0
598000,reward,598,1093.6920024547212,1003.701,SF-P3O-NoSpectral,HalfCheetah-v4,0
598016,loss,-0.09603650122880936,0.6203519105911255,SF-P3O-NoSpectral,HalfCheetah-v4,0
599000,reward,599,1079.5157401806355,989.544,SF-P3O-NoSpectral,HalfCheetah-v4,0
600000,speed,611.59,18.04,SF-P3O-NoSpectral,HalfCheetah-v4,0
600000,perturb,0.070332,0.94684,0.6114,24049,43797,0.453306,12,SF-P3O-NoSpectral,HalfCheetah-v4,0
600000,reward,600,1274.8272946534198,1159.074,SF-P3O-NoSpectral,HalfCheetah-v4,0
601000,reward,601,1115.6173941471811,1163.562,SF-P3O-NoSpectral,HalfCheetah-v4,0
602000,reward,602,1255.6469428995422,1151.675,SF-P3O-NoSpectral,HalfCheetah-v4,0
603000,reward,603,1288.252463171094,1157.958,SF-P3O-NoSpectral,HalfCheetah-v4,0
604000,reward,604,1270.0272820954553,1160.741,SF-P3O-NoSpectral,HalfCheetah-v4,0
605000,reward,605,1110.6763159480458,1149.528,SF-P3O-NoSpectral,HalfCheetah-v4,0
606000,reward,606,1068.0262085880902,1155.942,SF-P3O-NoSpectral,HalfCheetah-v4,0
606208,loss,-0.06184834986925125,0.7297289371490479,SF-P3O-NoSpectral,HalfCheetah-v4,0
606208,diagnostics,0.0,80.07,12.4215,0.070892,0.946507,0.5916,0.139276,SF-P3O-NoSpectral,HalfCheetah-v4,0
607000,reward,607,1175.8095035819867,1173.209,SF-P3O-NoSpectral,HalfCheetah-v4,0
608000,reward,608,978.1297597704342,1161.653,SF-P3O-NoSpectral,HalfCheetah-v4,0
609000,reward,609,1228.7947864869407,1176.581,SF-P3O-NoSpectral,HalfCheetah-v4,0
610000,speed,610.12,18.31,SF-P3O-NoSpectral,HalfCheetah-v4,0
610000,reward,610,951.7662300719929,1144.275,SF-P3O-NoSpectral,HalfCheetah-v4,0
611000,reward,611,980.9573423992194,1130.809,SF-P3O-NoSpectral,HalfCheetah-v4,0
612000,reward,612,1109.01331444339,1116.145,SF-P3O-NoSpectral,HalfCheetah-v4,0
613000,reward,613,1199.6036212836555,1107.28,SF-P3O-NoSpectral,HalfCheetah-v4,0
614000,reward,614,991.1022569916829,1079.388,SF-P3O-NoSpectral,HalfCheetah-v4,0
614400,loss,-0.09557491540908813,0.7084560394287109,SF-P3O-NoSpectral,HalfCheetah-v4,0
615000,reward,615,1053.525292688192,1073.673,SF-P3O-NoSpectral,HalfCheetah-v4,0
616000,reward,616,1239.5457502736126,1090.825,SF-P3O-NoSpectral,HalfCheetah-v4,0
617000,reward,617,1267.5880867382643,1100.003,SF-P3O-NoSpectral,HalfCheetah-v4,0
618000,reward,618,1325.0448058281788,1134.694,SF-P3O-NoSpectral,HalfCheetah-v4,0
619000,reward,619,1180.450305984459,1129.86,SF-P3O-NoSpectral,HalfCheetah-v4,0
620000,speed,611.2,18.59,SF-P3O-NoSpectral,HalfCheetah-v4,0
620000,reward,620,974.481637676089,1132.131,SF-P3O-NoSpectral,HalfCheetah-v4,0
621000,reward,621,1196.4666489280178,1153.682,SF-P3O-NoSpectral,HalfCheetah-v4,0
622000,reward,622,1313.18216432154,1174.099,SF-P3O-NoSpectral,HalfCheetah-v4,0
622592,loss,-0.012831881642341614,0.7451141476631165,SF-P3O-NoSpectral,HalfCheetah-v4,0
622592,diagnostics,0.0,80.35,17.9791,0.071542,0.945987,0.601,0.126029,SF-P3O-NoSpectral,HalfCheetah-v4,0
623000,reward,623,254.46146704845953,1079.585,SF-P3O-NoSpectral,HalfCheetah-v4,0
624000,reward,624,1110.7454677785036,1091.549,SF-P3O-NoSpectral,HalfCheetah-v4,0
625000,reward,625,388.00657230385207,1024.997,SF-P3O-NoSpectral,HalfCheetah-v4,0
626000,reward,626,1203.9762016652082,1021.44,SF-P3O-NoSpectral,HalfCheetah-v4,0
627000,reward,627,1078.9125145820158,1002.573,SF-P3O-NoSpectral,HalfCheetah-v4,0
628000,reward,628,1323.6867411224664,1002.437,SF-P3O-NoSpectral,HalfCheetah-v4,0
629000,reward,629,1238.1752921688642,1008.209,SF-P3O-NoSpectral,HalfCheetah-v4,0
630000,speed,629.15,18.85,SF-P3O-NoSpectral,HalfCheetah-v4,0
630000,reward,630,1054.1747511897802,1016.179,SF-P3O-NoSpectral,HalfCheetah-v4,0
630784,loss,-0.11946360021829605,0.574744701385498,SF-P3O-NoSpectral,HalfCheetah-v4,0
631000,reward,631,1568.842932384969,1053.416,SF-P3O-NoSpectral,HalfCheetah-v4,0
632000,reward,632,1166.1231450005582,1038.711,SF-P3O-NoSpectral,HalfCheetah-v4,0
633000,reward,633,1166.513437381572,1129.916,SF-P3O-NoSpectral,HalfCheetah-v4,0
634000,reward,634,1245.015500007162,1143.343,SF-P3O-NoSpectral,HalfCheetah-v4,0
635000,reward,635,1083.9496728160009,1212.937,SF-P3O-NoSpectral,HalfCheetah-v4,0
636000,reward,636,1218.7900701348199,1214.418,SF-P3O-NoSpectral,HalfCheetah-v4,0
637000,reward,637,1253.1910836310076,1231.846,SF-P3O-NoSpectral,HalfCheetah-v4,0
638000,reward,638,1163.9853262069462,1215.876,SF-P3O-NoSpectral,HalfCheetah-v4,0
638976,loss,-0.15253344178199768,0.6212724447250366,SF-P3O-NoSpectral,HalfCheetah-v4,0
638976,diagnostics,0.0,80.69,16.7797,0.072439,0.946057,0.6215,0.121933,SF-P3O-NoSpectral,HalfCheetah-v4,0
639000,reward,639,209.98525412850785,1113.057,SF-P3O-NoSpectral,HalfCheetah-v4,0
640000,speed,395.94,19.27,SF-P3O-NoSpectral,HalfCheetah-v4,0
640000,reward,640,1367.1895807194608,1144.359,SF-P3O-NoSpectral,HalfCheetah-v4,0
641000,reward,641,1490.0788466044958,1136.482,SF-P3O-NoSpectral,HalfCheetah-v4,0
642000,reward,642,1331.3299798790704,1153.003,SF-P3O-NoSpectral,HalfCheetah-v4,0
643000,reward,643,1314.3972410436268,1167.791,SF-P3O-NoSpectral,HalfCheetah-v4,0
644000,reward,644,1073.8130321305468,1150.671,SF-P3O-NoSpectral,HalfCheetah-v4,0
645000,reward,645,1283.172885426669,1170.593,SF-P3O-NoSpectral,HalfCheetah-v4,0
646000,reward,646,1458.855455270272,1194.6,SF-P3O-NoSpectral,HalfCheetah-v4,0
647000,reward,647,1285.8669897378845,1197.867,SF-P3O-NoSpectral,HalfCheetah-v4,0
647168,loss,-0.13883650302886963,0.9305512309074402,SF-P3O-NoSpectral,HalfCheetah-v4,0
648000,reward,648,1157.1163762361784,1197.181,SF-P3O-NoSpectral,HalfCheetah-v4,0
649000,reward,649,1421.486719094244,1318.331,SF-P3O-NoSpectral,HalfCheetah-v4,0
650000,speed,620.04,19.54,SF-P3O-NoSpectral,HalfCheetah-v4,0
650000,perturb,0.074332,0.945162,0.5978,22800,45046,0.520191,13,SF-P3O-NoSpectral,HalfCheetah-v4,0
650000,reward,650,1043.5229169858799,1285.964,SF-P3O-NoSpectral,HalfCheetah-v4,0
651000,reward,651,1352.4324694339634,1272.199,SF-P3O-NoSpectral,HalfCheetah-v4,0
652000,reward,652,1128.6660432456533,1251.933,SF-P3O-NoSpectral,HalfCheetah-v4,0
653000,reward,653,1262.583714335282,1246.752,SF-P3O-NoSpectral,HalfCheetah-v4,0
654000,reward,654,1027.7439424817487,1242.145,SF-P3O-NoSpectral,HalfCheetah-v4,0
655000,reward,655,1167.075345257182,1230.535,SF-P3O-NoSpectral,HalfCheetah-v4,0
655360,loss,-0.1121685802936554,0.6069255471229553,SF-P3O-NoSpectral,HalfCheetah-v4,0
655360,diagnostics,0.0,82.96,9.5319,0.074609,0.945115,0.605,0.141431,SF-P3O-NoSpectral,HalfCheetah-v4,0
656000,reward,656,1311.4841169204376,1215.798,SF-P3O-NoSpectral,HalfCheetah-v4,0
657000,reward,657,1435.690427747577,1230.78,SF-P3O-NoSpectral,HalfCheetah-v4,0
658000,reward,658,1277.9415081960562,1242.863,SF-P3O-NoSpectral,HalfCheetah-v4,0
659000,reward,659,1410.623385161333,1241.776,SF-P3O-NoSpectral,HalfCheetah-v4,0
660000,speed,605.01,19.82,SF-P3O-NoSpectral,HalfCheetah-v4,0
660000,reward,660,134.3401232377979,1150.858,SF-P3O-NoSpectral,HalfCheetah-v4,0
661000,reward,661,1321.2375224756674,1147.739,SF-P3O-NoSpectral,HalfCheetah-v4,0
662000,reward,662,1156.0261514233816,1150.475,SF-P3O-NoSpectral,HalfCheetah-v4,0
663000,reward,663,1273.3199125216315,1151.548,SF-P3O-NoSpectral,HalfCheetah-v4,0
663552,loss,-0.07856781035661697,0.4802370071411133,SF-P3O-NoSpectral,HalfCheetah-v4,0
664000,reward,664,1508.8029099227413,1199.654,SF-P3O-NoSpectral,HalfCheetah-v4,0
665000,reward,665,1315.2704669699024,1214.474,SF-P3O-NoSpectral,HalfCheetah-v4,0
666000,reward,666,1291.7394158053905,1212.499,SF-P3O-NoSpectral,HalfCheetah-v4,0
667000,reward,667,1374.2764552047388,1206.358,SF-P3O-NoSpectral,HalfCheetah-v4,0
668000,reward,668,1165.7077236846167,1195.134,SF-P3O-NoSpectral,HalfCheetah-v4,0
669000,reward,669,1343.5211168195465,1188.424,SF-P3O-NoSpectral,HalfCheetah-v4,0
670000,speed,642.01,20.08,SF-P3O-NoSpectral,HalfCheetah-v4,0
670000,reward,670,1348.362707678211,1309.826,SF-P3O-NoSpectral,HalfCheetah-v4,0
671000,reward,671,1397.8518823647723,1317.488,SF-P3O-NoSpectral,HalfCheetah-v4,0
671744,loss,-0.01598595455288887,0.7519763708114624,SF-P3O-NoSpectral,HalfCheetah-v4,0
671744,diagnostics,0.0,83.26,16.2063,0.075391,0.944713,0.6246,0.131225,SF-P3O-NoSpectral,HalfCheetah-v4,0
672000,reward,672,1449.2089274008515,1346.806,SF-P3O-NoSpectral,HalfCheetah-v4,0
673000,reward,673,1585.9319069009257,1378.067,SF-P3O-NoSpectral,HalfCheetah-v4,0
674000,reward,674,1228.5990669800094,1350.047,SF-P3O-NoSpectral,HalfCheetah-v4,0
675000,reward,675,1513.5623285140964,1369.876,SF-P3O-NoSpectral,HalfCheetah-v4,0
676000,reward,676,1210.4818330355984,1361.75,SF-P3O-NoSpectral,HalfCheetah-v4,0
677000,reward,677,1278.8483801473753,1352.208,SF-P3O-NoSpectral,HalfCheetah-v4,0
678000,reward,678,-246.10345568599445,1211.026,SF-P3O-NoSpectral,HalfCheetah-v4,0
679000,reward,679,1428.964971400996,1219.571,SF-P3O-NoSpectral,HalfCheetah-v4,0
679936,loss,-0.0835629552602768,0.28563857078552246,SF-P3O-NoSpectral,HalfCheetah-v4,0
680000,speed,423.16,20.47,SF-P3O-NoSpectral,HalfCheetah-v4,0
680000,reward,680,1411.2077401491028,1225.855,SF-P3O-NoSpectral,HalfCheetah-v4,0
681000,reward,681,1521.4535570745525,1238.216,SF-P3O-NoSpectral,HalfCheetah-v4,0
682000,reward,682,1401.6492320967504,1233.46,SF-P3O-NoSpectral,HalfCheetah-v4,0
683000,reward,683,1366.5366818998834,1211.52,SF-P3O-NoSpectral,HalfCheetah-v4,0
684000,reward,684,1331.9033582670186,1221.85,SF-P3O-NoSpectral,HalfCheetah-v4,0
685000,reward,685,689.1492004239196,1139.409,SF-P3O-NoSpectral,HalfCheetah-v4,0
686000,reward,686,1177.3308935531747,1136.094,SF-P3O-NoSpectral,HalfCheetah-v4,0
687000,reward,687,1396.273136591285,1147.837,SF-P3O-NoSpectral,HalfCheetah-v4,0
688000,reward,688,1353.0023079684292,1307.747,SF-P3O-NoSpectral,HalfCheetah-v4,0
688128,loss,-0.15103164315223694,0.6844887137413025,SF-P3O-NoSpectral,HalfCheetah-v4,0
688128,diagnostics,0.0,83.55,19.3152,0.076155,0.944375,0.6478,0.123297,SF-P3O-NoSpectral,HalfCheetah-v4,0
689000,reward,689,1419.0972730371407,1306.76,SF-P3O-NoSpectral,HalfCheetah-v4,0
690000,speed,608.06,20.74,SF-P3O-NoSpectral,HalfCheetah-v4,0
690000,reward,690,1598.1876212420525,1325.458,SF-P3O-NoSpectral,HalfCheetah-v4,0
691000,reward,691,1246.1654781670018,1297.93,SF-P3O-NoSpectral,HalfCheetah-v4,0
692000,reward,692,1264.674576291795,1284.232,SF-P3O-NoSpectral,HalfCheetah-v4,0
693000,reward,693,1305.6852210801408,1278.147,SF-P3O-NoSpectral,HalfCheetah-v4,0
694000,reward,694,1174.3283878760194,1262.389,SF-P3O-NoSpectral,HalfCheetah-v4,0
695000,reward,695,1489.3641884795595,1342.411,SF-P3O-NoSpectral,HalfCheetah-v4,0
696000,reward,696,1241.6971199379684,1348.848,SF-P3O-NoSpectral,HalfCheetah-v4,0
696320,loss,-0.12163383513689041,0.8490621447563171,SF-P3O-NoSpectral,HalfCheetah-v4,0
697000,reward,697,1442.072667612086,1353.427,SF-P3O-NoSpectral,HalfCheetah-v4,0
698000,reward,698,1356.9917817148748,1353.826,SF-P3O-NoSpectral,HalfCheetah-v4,0
699000,reward,699,1305.605016780726,1342.477,SF-P3O-NoSpectral,HalfCheetah-v4,0
700000,speed,610.96,21.02,SF-P3O-NoSpectral,HalfCheetah-v4,0
700000,perturb,0.077808,0.943445,0.6328,21508,46338,0.552042,14,SF-P3O-NoSpectral,HalfCheetah-v4,0
700000,reward,700,1457.0741125937009,1328.366,SF-P3O-NoSpectral,HalfCheetah-v4,0
701000,reward,701,1303.758819448759,1334.125,SF-P3O-NoSpectral,HalfCheetah-v4,0
702000,reward,702,1432.9207906694255,1350.95,SF-P3O-NoSpectral,HalfCheetah-v4,0
703000,reward,703,1459.3665195580957,1366.318,SF-P3O-NoSpectral,HalfCheetah-v4,0
704000,reward,704,1512.919663643409,1400.177,SF-P3O-NoSpectral,HalfCheetah-v4,0
704512,loss,0.010975588113069534,0.8507852554321289,SF-P3O-NoSpectral,HalfCheetah-v4,0
704512,diagnostics,0.0,85.92,21.4335,0.078072,0.943319,0.6355,0.143994,SF-P3O-NoSpectral,HalfCheetah-v4,0
705000,reward,705,1334.6823800071547,1384.709,SF-P3O-NoSpectral,HalfCheetah-v4,0
706000,reward,706,1321.5480216008418,1392.694,SF-P3O-NoSpectral,HalfCheetah-v4,0
707000,reward,707,1386.4846458925244,1387.135,SF-P3O-NoSpectral,HalfCheetah-v4,0
708000,reward,708,1342.2991437055425,1385.666,SF-P3O-NoSpectral,HalfCheetah-v4,0
709000,reward,709,1312.9462787118528,1386.4,SF-P3O-NoSpectral,HalfCheetah-v4,0
710000,speed,615.55,21.29,SF-P3O-NoSpectral,HalfCheetah-v4,0
710000,reward,710,1381.984328534687,1378.891,SF-P3O-NoSpectral,HalfCheetah-v4,0
711000,reward,711,1391.0576258242443,1387.621,SF-P3O-NoSpectral,HalfCheetah-v4,0
712000,reward,712,1397.5483075901511,1384.084,SF-P3O-NoSpectral,HalfCheetah-v4,0
712704,loss,-0.11826939880847931,0.8694490194320679,SF-P3O-NoSpectral,HalfCheetah-v4,0
713000,reward,713,1286.7603543895873,1366.823,SF-P3O-NoSpectral,HalfCheetah-v4,0
714000,reward,714,1375.709720811977,1353.102,SF-P3O-NoSpectral,HalfCheetah-v4,0
715000,reward,715,1381.7468398238789,1357.809,SF-P3O-NoSpectral,HalfCheetah-v4,0
716000,reward,716,1495.7985857566723,1375.234,SF-P3O-NoSpectral,HalfCheetah-v4,0
717000,reward,717,1366.777783950684,1373.263,SF-P3O-NoSpectral,HalfCheetah-v4,0
718000,reward,718,1283.9649042022397,1367.429,SF-P3O-NoSpectral,HalfCheetah-v4,0
719000,reward,719,1473.6976513475026,1383.505,SF-P3O-NoSpectral,HalfCheetah-v4,0
720000,speed,603.89,21.56,SF-P3O-NoSpectral,HalfCheetah-v4,0
720000,reward,720,1367.0056151048286,1382.007,SF-P3O-NoSpectral,HalfCheetah-v4,0
720896,loss,-0.0018602889031171799,0.8349719643592834,SF-P3O-NoSpectral,HalfCheetah-v4,0
720896,diagnostics,0.0,86.17,20.4991,0.078546,0.943398,0.6227,0.130449,SF-P3O-NoSpectral,HalfCheetah-v4,0
721000,reward,721,1520.5175488938862,1394.953,SF-P3O-NoSpectral,HalfCheetah-v4,0
722000,reward,722,1535.254511746831,1408.723,SF-P3O-NoSpectral,HalfCheetah-v4,0
723000,reward,723,1383.9552492100383,1418.443,SF-P3O-NoSpectral,HalfCheetah-v4,0
724000,reward,724,1320.9309239963245,1412.965,SF-P3O-NoSpectral,HalfCheetah-v4,0
725000,reward,725,1431.0683593312851,1417.897,SF-P3O-NoSpectral,HalfCheetah-v4,0
726000,reward,726,1392.9840092521076,1407.616,SF-P3O-NoSpectral,HalfCheetah-v4,0
727000,reward,727,1392.135660910783,1410.151,SF-P3O-NoSpectral,HalfCheetah-v4,0
728000,reward,728,1483.391510753765,1430.094,SF-P3O-NoSpectral,HalfCheetah-v4,0
729000,reward,729,1564.0152590796606,1439.126,SF-P3O-NoSpectral,HalfCheetah-v4,0
729088,loss,-0.15361404418945312,0.9110843539237976,SF-P3O-NoSpectral,HalfCheetah-v4,0
730000,speed,403.93,21.98,SF-P3O-NoSpectral,HalfCheetah-v4,0
730000,reward,730,1491.1024902285774,1451.536,SF-P3O-NoSpectral,HalfCheetah-v4,0
731000,reward,731,1417.0289289842574,1441.187,SF-P3O-NoSpectral,HalfCheetah-v4,0
732000,reward,732,1470.1537914350065,1434.677,SF-P3O-NoSpectral,HalfCheetah-v4,0
733000,reward,733,1556.1676427422258,1451.898,SF-P3O-NoSpectral,HalfCheetah-v4,0
734000,reward,734,1688.015401436063,1488.606,SF-P3O-NoSpectral,HalfCheetah-v4,0
735000,reward,735,1409.1907679829221,1486.419,SF-P3O-NoSpectral,HalfCheetah-v4,0
736000,reward,736,1423.4045944896704,1489.461,SF-P3O-NoSpectral,HalfCheetah-v4,0
737000,reward,737,1430.6397417859625,1493.311,SF-P3O-NoSpectral,HalfCheetah-v4,0
737280,loss,-0.10610399395227432,0.8750225305557251,SF-P3O-NoSpectral,HalfCheetah-v4,0
737280,diagnostics,0.0,86.43,16.5647,0.07922,0.943038,0.6216,0.126498,SF-P3O-NoSpectral,HalfCheetah-v4,0
738000,reward,738,1341.1311505476801,1479.085,SF-P3O-NoSpectral,HalfCheetah-v4,0
739000,reward,739,1543.6752051200226,1477.051,SF-P3O-NoSpectral,HalfCheetah-v4,0
740000,speed,621.14,22.24,SF-P3O-NoSpectral,HalfCheetah-v4,0
740000,reward,740,1569.395351498758,1484.88,SF-P3O-NoSpectral,HalfCheetah-v4,0
741000,reward,741,1418.808821933582,1485.058,SF-P3O-NoSpectral,HalfCheetah-v4,0
742000,reward,742,1593.1094066728792,1497.354,SF-P3O-NoSpectral,HalfCheetah-v4,0
743000,reward,743,1496.9236856983525,1491.429,SF-P3O-NoSpectral,HalfCheetah-v4,0
744000,reward,744,1560.916571259097,1478.72,SF-P3O-NoSpectral,HalfCheetah-v4,0
745000,reward,745,1417.0963805174715,1479.51,SF-P3O-NoSpectral,HalfCheetah-v4,0
745472,loss,0.04369116201996803,0.8219231963157654,SF-P3O-NoSpectral,HalfCheetah-v4,0
746000,reward,746,1687.0601228340436,1505.876,SF-P3O-NoSpectral,HalfCheetah-v4,0
747000,reward,747,1347.5103858805787,1497.563,SF-P3O-NoSpectral,HalfCheetah-v4,0
748000,reward,748,1563.8251297409174,1519.832,SF-P3O-NoSpectral,HalfCheetah-v4,0
749000,reward,749,1385.192490897409,1503.984,SF-P3O-NoSpectral,HalfCheetah-v4,0
750000,speed,643.47,22.5,SF-P3O-NoSpectral,HalfCheetah-v4,0
750000,perturb,0.080362,0.942541,0.6203,20535,47311,0.64902,15,SF-P3O-NoSpectral,HalfCheetah-v4,0
750000,reward,750,1519.0618152028446,1498.95,SF-P3O-NoSpectral,HalfCheetah-v4,0
751000,reward,751,1467.5012874641843,1503.82,SF-P3O-NoSpectral,HalfCheetah-v4,0
752000,reward,752,1544.5030699098481,1498.959,SF-P3O-NoSpectral,HalfCheetah-v4,0
753000,reward,753,1565.2846641848587,1505.795,SF-P3O-NoSpectral,HalfCheetah-v4,0
753664,loss,-0.09240840375423431,0.8836431503295898,SF-P3O-NoSpectral,HalfCheetah-v4,0
753664,diagnostics,0.0,89.05,11.1483,0.080866,0.942365,0.616,0.144875,SF-P3O-NoSpectral,HalfCheetah-v4,0
754000,reward,754,1519.6818415357534,1501.672,SF-P3O-NoSpectral,HalfCheetah-v4,0
755000,reward,755,1621.651181127812,1522.127,SF-P3O-NoSpectral,HalfCheetah-v4,0
756000,reward,756,1595.735641070037,1512.995,SF-P3O-NoSpectral,HalfCheetah-v4,0
757000,reward,757,1591.4337138722603,1537.387,SF-P3O-NoSpectral,HalfCheetah-v4,0
758000,reward,758,1643.0795683877918,1545.313,SF-P3O-NoSpectral,HalfCheetah-v4,0
759000,reward,759,1664.1248988126722,1573.206,SF-P3O-NoSpectral,HalfCheetah-v4,0
760000,speed,601.21,22.78,SF-P3O-NoSpectral,HalfCheetah-v4,0
760000,reward,760,1511.6556379727094,1572.465,SF-P3O-NoSpectral,HalfCheetah-v4,0
761000,reward,761,1689.839283902464,1594.699,SF-P3O-NoSpectral,HalfCheetah-v4,0
761856,loss,-0.20803341269493103,0.7834483981132507,SF-P3O-NoSpectral,HalfCheetah-v4,0
762000,reward,762,1635.9495143590393,1603.844,SF-P3O-NoSpectral,HalfCheetah-v4,0
763000,reward,763,1553.9771481594416,1602.713,SF-P3O-NoSpectral,HalfCheetah-v4,0
764000,reward,764,1709.9848069427564,1621.743,SF-P3O-NoSpectral,HalfCheetah-v4,0
765000,reward,765,1556.9509594546196,1615.273,SF-P3O-NoSpectral,HalfCheetah-v4,0
766000,reward,766,1658.7645028308689,1621.576,SF-P3O-NoSpectral,HalfCheetah-v4,0
767000,reward,767,1543.0807191169713,1616.741,SF-P3O-NoSpectral,HalfCheetah-v4,0
768000,reward,768,1617.6368874043608,1614.196,SF-P3O-NoSpectral,HalfCheetah-v4,0
769000,reward,769,1696.6797983145193,1617.452,SF-P3O-NoSpectral,HalfCheetah-v4,0
770000,speed,654.67,23.03,SF-P3O-NoSpectral,HalfCheetah-v4,0
770000,reward,770,135.88518079117557,1479.875,SF-P3O-NoSpectral,HalfCheetah-v4,0
770048,loss,-0.04700126871466637,0.623658299446106,SF-P3O-NoSpectral,HalfCheetah-v4,0
770048,diagnostics,0.0,89.32,12.9757,0.081647,0.942385,0.6184,0.134892,SF-P3O-NoSpectral,HalfCheetah-v4,0
771000,reward,771,1625.7481270472101,1473.466,SF-P3O-NoSpectral,HalfCheetah-v4,0
772000,reward,772,1677.1920113136305,1477.59,SF-P3O-NoSpectral,HalfCheetah-v4,0
773000,reward,773,1668.173437563404,1489.01,SF-P3O-NoSpectral,HalfCheetah-v4,0
774000,reward,774,1824.3583646920852,1500.447,SF-P3O-NoSpectral,HalfCheetah-v4,0
775000,reward,775,1405.7148532840645,1485.323,SF-P3O-NoSpectral,HalfCheetah-v4,0
776000,reward,776,1874.9645627354882,1506.943,SF-P3O-NoSpectral,HalfCheetah-v4,0
777000,reward,777,1669.3866764643803,1519.574,SF-P3O-NoSpectral,HalfCheetah-v4,0
778000,reward,778,1581.7684801241826,1515.987,SF-P3O-NoSpectral,HalfCheetah-v4,0
778240,loss,-0.015657253563404083,0.8079841732978821,SF-P3O-NoSpectral,HalfCheetah-v4,0
779000,reward,779,1522.9995295041442,1498.619,SF-P3O-NoSpectral,HalfCheetah-v4,0
780000,speed,412.63,23.44,SF-P3O-NoSpectral,HalfCheetah-v4,0
780000,reward,780,1609.7643142179634,1646.007,SF-P3O-NoSpectral,HalfCheetah-v4,0
781000,reward,781,1715.7469361642818,1655.007,SF-P3O-NoSpectral,HalfCheetah-v4,0
782000,reward,782,1750.2048047549897,1662.308,SF-P3O-NoSpectral,HalfCheetah-v4,0
783000,reward,783,1604.5776041944673,1655.949,SF-P3O-NoSpectral,HalfCheetah-v4,0
784000,reward,784,1614.9617921447943,1635.009,SF-P3O-NoSpectral,HalfCheetah-v4,0
785000,reward,785,1430.1938028819511,1637.457,SF-P3O-NoSpectral,HalfCheetah-v4,0
786000,reward,786,1478.3121872963166,1597.792,SF-P3O-NoSpectral,HalfCheetah-v4,0
786432,loss,-0.007053131237626076,0.7988998293876648,SF-P3O-NoSpectral,HalfCheetah-v4,0
786432,diagnostics,0.0,89.58,13.9039,0.082429,0.942256,0.6318,0.130937,SF-P3O-NoSpectral,HalfCheetah-v4,0
787000,reward,787,1666.2000932411217,1597.473,SF-P3O-NoSpectral,HalfCheetah-v4,0
788000,reward,788,1573.8574614601325,1596.682,SF-P3O-NoSpectral,HalfCheetah-v4,0
789000,reward,789,1643.9911625386594,1608.781,SF-P3O-NoSpectral,HalfCheetah-v4,0
790000,speed,616.3,23.71,SF-P3O-NoSpectral,HalfCheetah-v4,0
790000,reward,790,1782.3028309918004,1626.035,SF-P3O-NoSpectral,HalfCheetah-v4,0
791000,reward,791,1621.3243573864058,1616.593,SF-P3O-NoSpectral,HalfCheetah-v4,0
792000,reward,792,1703.98573103357,1611.971,SF-P3O-NoSpectral,HalfCheetah-v4,0
793000,reward,793,1707.5816707996992,1622.271,SF-P3O-NoSpectral,HalfCheetah-v4,0
794000,reward,794,1591.5484899846906,1619.93,SF-P3O-NoSpectral,HalfCheetah-v4,0
794624,loss,-0.10755664110183716,0.6760551333427429,SF-P3O-NoSpectral,HalfCheetah-v4,0
795000,reward,795,1506.4047787520303,1627.551,SF-P3O-NoSpectral,HalfCheetah-v4,0
796000,reward,796,1689.3628426504024,1648.656,SF-P3O-NoSpectral,HalfCheetah-v4,0
797000,reward,797,1785.4593552519198,1660.582,SF-P3O-NoSpectral,HalfCheetah-v4,0
798000,reward,798,1761.8916909278678,1679.385,SF-P3O-NoSpectral,HalfCheetah-v4,0
799000,reward,799,1645.5310207556122,1679.539,SF-P3O-NoSpectral,HalfCheetah-v4,0
800000,speed,636.71,23.97,SF-P3O-NoSpectral,HalfCheetah-v4,0
800000,perturb,0.084128,0.94129,0.6268,19416,48430,0.691612,16,SF-P3O-NoSpectral,HalfCheetah-v4,0
800000,reward,800,1541.2574367917334,1655.435,SF-P3O-NoSpectral,HalfCheetah-v4,0
801000,reward,801,1708.8788686451537,1664.19,SF-P3O-NoSpectral,HalfCheetah-v4,0
802000,reward,802,1687.6334725661359,1662.555,SF-P3O-NoSpectral,HalfCheetah-v4,0
802816,loss,-0.02622847631573677,0.956226646900177,SF-P3O-NoSpectral,HalfCheetah-v4,0
802816,diagnostics,0.0,92.35,17.0093,0.084474,0.941089,0.6809,0.140617,SF-P3O-NoSpectral,HalfCheetah-v4,0
803000,reward,803,1371.6891751091966,1628.966,SF-P3O-NoSpectral,HalfCheetah-v4,0
804000,reward,804,1640.6073639582899,1633.872,SF-P3O-NoSpectral,HalfCheetah-v4,0
805000,reward,805,1706.6011885655773,1653.891,SF-P3O-NoSpectral,HalfCheetah-v4,0
806000,reward,806,1842.8473597323461,1669.24,SF-P3O-NoSpectral,HalfCheetah-v4,0
807000,reward,807,1758.7275978744676,1666.567,SF-P3O-NoSpectral,HalfCheetah-v4,0
808000,reward,808,614.6824349747924,1551.846,SF-P3O-NoSpectral,HalfCheetah-v4,0
809000,reward,809,1687.49855467215,1556.042,SF-P3O-NoSpectral,HalfCheetah-v4,0
810000,speed,598.16,24.25,SF-P3O-NoSpectral,HalfCheetah-v4,0
810000,reward,810,1615.0425748674263,1563.421,SF-P3O-NoSpectral,HalfCheetah-v4,0
811000,reward,811,1736.5539335914013,1566.188,SF-P3O-NoSpectral,HalfCheetah-v4,0
811008,loss,-0.016460822895169258,0.661470353603363,SF-P3O-NoSpectral,HalfCheetah-v4,0
812000,reward,812,1744.0175017709673,1571.827,SF-P3O-NoSpectral,HalfCheetah-v4,0
813000,reward,813,1648.9795932522152,1599.556,SF-P3O-NoSpectral,HalfCheetah-v4,0
814000,reward,814,1660.3611770779714,1601.531,SF-P3O-NoSpectral,HalfCheetah-v4,0
815000,reward,815,1675.4918630733891,1598.42,SF-P3O-NoSpectral,HalfCheetah-v4,0
816000,reward,816,1583.2149854900463,1572.457,SF-P3O-NoSpectral,HalfCheetah-v4,0
817000,reward,817,1858.653480791508,1582.45,SF-P3O-NoSpectral,HalfCheetah-v4,0
818000,reward,818,1711.4366468374233,1692.125,SF-P3O-NoSpectral,HalfCheetah-v4,0
819000,reward,819,1741.201034093926,1697.495,SF-P3O-NoSpectral,HalfCheetah-v4,0
819200,loss,-0.04722630977630615,0.8271305561065674,SF-P3O-NoSpectral,HalfCheetah-v4,0
819200,diagnostics,0.0,92.6,22.7973,0.085083,0.941014,0.6731,0.124799,SF-P3O-NoSpectral,HalfCheetah-v4,0
820000,speed,412.0,24.65,SF-P3O-NoSpectral,HalfCheetah-v4,0
820000,reward,820,1809.3640893606844,1716.927,SF-P3O-NoSpectral,HalfCheetah-v4,0
821000,reward,821,1317.0989333365067,1674.982,SF-P3O-NoSpectral,HalfCheetah-v4,0
822000,reward,822,1705.0151121082927,1671.082,SF-P3O-NoSpectral,HalfCheetah-v4,0
823000,reward,823,1721.4755975199457,1678.331,SF-P3O-NoSpectral,HalfCheetah-v4,0
824000,reward,824,1840.7232579769066,1696.368,SF-P3O-NoSpectral,HalfCheetah-v4,0
825000,reward,825,1676.794472390891,1696.498,SF-P3O-NoSpectral,HalfCheetah-v4,0
826000,reward,826,1815.3656501638948,1719.713,SF-P3O-NoSpectral,HalfCheetah-v4,0
827000,reward,827,1713.3811579151761,1705.186,SF-P3O-NoSpectral,HalfCheetah-v4,0
827392,loss,-0.1312842220067978,0.8061121702194214,SF-P3O-NoSpectral,HalfCheetah-v4,0
828000,reward,828,1860.7034272347225,1720.112,SF-P3O-NoSpectral,HalfCheetah-v4,0
829000,reward,829,1565.6097428058551,1702.553,SF-P3O-NoSpectral,HalfCheetah-v4,0
830000,speed,600.38,24.93,SF-P3O-NoSpectral,HalfCheetah-v4,0
830000,reward,830,1837.7861893584213,1705.395,SF-P3O-NoSpectral,HalfCheetah-v4,0
831000,reward,831,1698.5374453505394,1743.539,SF-P3O-NoSpectral,HalfCheetah-v4,0
832000,reward,832,1689.8500385352377,1742.023,SF-P3O-NoSpectral,HalfCheetah-v4,0
833000,reward,833,1995.6527859854064,1769.44,SF-P3O-NoSpectral,HalfCheetah-v4,0
834000,reward,834,1643.1118145338228,1749.679,SF-P3O-NoSpectral,HalfCheetah-v4,0
835000,reward,835,1907.0292335047375,1772.703,SF-P3O-NoSpectral,HalfCheetah-v4,0
835584,loss,-0.024160241708159447,0.7164180874824524,SF-P3O-NoSpectral,HalfCheetah-v4,0
835584,diagnostics,0.0,92.86,11.7728,0.085994,0.940716,0.7219,0.12322,SF-P3O-NoSpectral,HalfCheetah-v4,0
836000,reward,836,241.40233142673236,1615.306,SF-P3O-NoSpectral,HalfCheetah-v4,0
837000,reward,837,1932.0808681240821,1637.176,SF-P3O-NoSpectral,HalfCheetah-v4,0
838000,reward,838,1817.1174000058534,1632.818,SF-P3O-NoSpectral,HalfCheetah-v4,0
839000,reward,839,1812.685610595309,1657.525,SF-P3O-NoSpectral,HalfCheetah-v4,0
840000,speed,605.38,25.21,SF-P3O-NoSpectral,HalfCheetah-v4,0
840000,reward,840,1841.1770971963947,1657.864,SF-P3O-NoSpectral,HalfCheetah-v4,0
841000,reward,841,1881.2390114604539,1676.135,SF-P3O-NoSpectral,HalfCheetah-v4,0
842000,reward,842,1849.687757439698,1692.118,SF-P3O-NoSpectral,HalfCheetah-v4,0
843000,reward,843,1438.7323255371175,1636.426,SF-P3O-NoSpectral,HalfCheetah-v4,0
843776,loss,0.05695773661136627,0.6088268756866455,SF-P3O-NoSpectral,HalfCheetah-v4,0
844000,reward,844,1754.4367166251566,1647.559,SF-P3O-NoSpectral,HalfCheetah-v4,0
845000,reward,845,1796.5381158621221,1636.51,SF-P3O-NoSpectral,HalfCheetah-v4,0
846000,reward,846,1708.173611126384,1783.187,SF-P3O-NoSpectral,HalfCheetah-v4,0
847000,reward,847,1707.6866086674197,1760.747,SF-P3O-NoSpectral,HalfCheetah-v4,0
848000,reward,848,1800.5565972514737,1759.091,SF-P3O-NoSpectral,HalfCheetah-v4,0
849000,reward,849,1988.2498038028166,1776.648,SF-P3O-NoSpectral,HalfCheetah-v4,0
850000,speed,637.63,25.47,SF-P3O-NoSpectral,HalfCheetah-v4,0
850000,perturb,0.087453,0.939944,0.7199,18161,49685,0.75013,17,SF-P3O-NoSpectral,HalfCheetah-v4,0
850000,reward,850,1829.5402868419087,1775.484,SF-P3O-NoSpectral,HalfCheetah-v4,0
851000,reward,851,1657.1617078665442,1753.076,SF-P3O-NoSpectral,HalfCheetah-v4,0
851968,loss,0.08580282330513,0.8829250335693359,SF-P3O-NoSpectral,HalfCheetah-v4,0
851968,diagnostics,0.0,95.77,17.0416,0.087917,0.939891,0.7109,0.149765,SF-P3O-NoSpectral,HalfCheetah-v4,0
852000,reward,852,1717.555626504916,1739.863,SF-P3O-NoSpectral,HalfCheetah-v4,0
853000,reward,853,1832.1775150344192,1779.208,SF-P3O-NoSpectral,HalfCheetah-v4,0
854000,reward,854,2074.6940378538484,1811.233,SF-P3O-NoSpectral,HalfCheetah-v4,0
855000,reward,855,1671.8971071696392,1798.769,SF-P3O-NoSpectral,HalfCheetah-v4,0
856000,reward,856,1794.0834802583915,1807.36,SF-P3O-NoSpectral,HalfCheetah-v4,0
857000,reward,857,1820.3488823455184,1818.627,SF-P3O-NoSpectral,HalfCheetah-v4,0
858000,reward,858,1577.1723407279067,1796.288,SF-P3O-NoSpectral,HalfCheetah-v4,0
859000,reward,859,1827.8749458793982,1780.251,SF-P3O-NoSpectral,HalfCheetah-v4,0
860000,speed,609.37,25.74,SF-P3O-NoSpectral,HalfCheetah-v4,0
860000,reward,860,1970.8725529115893,1794.384,SF-P3O-NoSpectral,HalfCheetah-v4,0
860160,loss,-0.07376807928085327,0.7443354725837708,SF-P3O-NoSpectral,HalfCheetah-v4,0
861000,reward,861,1984.3594315320768,1827.104,SF-P3O-NoSpectral,HalfCheetah-v4,0
862000,reward,862,1810.934008165755,1836.441,SF-P3O-NoSpectral,HalfCheetah-v4,0
863000,reward,863,1914.8115827656154,1844.705,SF-P3O-NoSpectral,HalfCheetah-v4,0
864000,reward,864,1759.4080886813595,1813.176,SF-P3O-NoSpectral,HalfCheetah-v4,0
865000,reward,865,1658.2188420779146,1811.808,SF-P3O-NoSpectral,HalfCheetah-v4,0
866000,reward,866,1818.9620603720296,1814.296,SF-P3O-NoSpectral,HalfCheetah-v4,0
867000,reward,867,1636.7969658766265,1795.941,SF-P3O-NoSpectral,HalfCheetah-v4,0
868000,reward,868,1751.3228052420284,1813.356,SF-P3O-NoSpectral,HalfCheetah-v4,0
868352,loss,0.016547376289963722,0.9375723600387573,SF-P3O-NoSpectral,HalfCheetah-v4,0
868352,diagnostics,0.0,96.02,26.2071,0.088463,0.939823,0.7108,0.137246,SF-P3O-NoSpectral,HalfCheetah-v4,0
869000,reward,869,1623.8541254989768,1792.954,SF-P3O-NoSpectral,HalfCheetah-v4,0
870000,speed,416.94,26.14,SF-P3O-NoSpectral,HalfCheetah-v4,0
870000,reward,870,1882.7316251186828,1784.14,SF-P3O-NoSpectral,HalfCheetah-v4,0
871000,reward,871,1864.9598506511757,1772.2,SF-P3O-NoSpectral,HalfCheetah-v4,0
872000,reward,872,218.8141592849565,1612.988,SF-P3O-NoSpectral,HalfCheetah-v4,0
873000,reward,873,1765.143816585437,1598.021,SF-P3O-NoSpectral,HalfCheetah-v4,0
874000,reward,874,1812.8368073647173,1603.364,SF-P3O-NoSpectral,HalfCheetah-v4,0
875000,reward,875,1750.50746339931,1612.593,SF-P3O-NoSpectral,HalfCheetah-v4,0
876000,reward,876,1835.3564686181871,1614.232,SF-P3O-NoSpectral,HalfCheetah-v4,0
876544,loss,-0.11903025209903717,0.4300057291984558,SF-P3O-NoSpectral,HalfCheetah-v4,0
877000,reward,877,1784.5330315321717,1629.006,SF-P3O-NoSpectral,HalfCheetah-v4,0
878000,reward,878,1961.698285891662,1650.044,SF-P3O-NoSpectral,HalfCheetah-v4,0
879000,reward,879,1673.7273403348136,1655.031,SF-P3O-NoSpectral,HalfCheetah-v4,0
880000,speed,647.56,26.4,SF-P3O-NoSpectral,HalfCheetah-v4,0
880000,reward,880,1822.1707050305085,1648.975,SF-P3O-NoSpectral,HalfCheetah-v4,0
881000,reward,881,1201.0085743578943,1582.58,SF-P3O-NoSpectral,HalfCheetah-v4,0
882000,reward,882,1687.3724864961187,1729.435,SF-P3O-NoSpectral,HalfCheetah-v4,0
883000,reward,883,1646.554470836019,1717.577,SF-P3O-NoSpectral,HalfCheetah-v4,0
884000,reward,884,1735.7841417906602,1709.871,SF-P3O-NoSpectral,HalfCheetah-v4,0
884736,loss,-0.09357183426618576,0.6029866933822632,SF-P3O-NoSpectral,HalfCheetah-v4,0
884736,diagnostics,0.0,96.27,18.3475,0.089109,0.939595,0.7232,0.131092,SF-P3O-NoSpectral,HalfCheetah-v4,0
885000,reward,885,811.4772476157548,1615.968,SF-P3O-NoSpectral,HalfCheetah-v4,0
886000,reward,886,1809.110999715582,1613.344,SF-P3O-NoSpectral,HalfCheetah-v4,0
887000,reward,887,1899.9341351925436,1624.884,SF-P3O-NoSpectral,HalfCheetah-v4,0
888000,reward,888,-323.83600841737547,1396.33,SF-P3O-NoSpectral,HalfCheetah-v4,0
889000,reward,889,1686.5730188093805,1397.615,SF-P3O-NoSpectral,HalfCheetah-v4,0
890000,speed,633.12,26.66,SF-P3O-NoSpectral,HalfCheetah-v4,0
890000,reward,890,1793.4039642945538,1394.738,SF-P3O-NoSpectral,HalfCheetah-v4,0
891000,reward,891,1522.16493569474,1426.854,SF-P3O-NoSpectral,HalfCheetah-v4,0
892000,reward,892,1811.1584335920093,1439.233,SF-P3O-NoSpectral,HalfCheetah-v4,0
892928,loss,0.050622835755348206,0.6232198476791382,SF-P3O-NoSpectral,HalfCheetah-v4,0
893000,reward,893,1667.841052335912,1441.361,SF-P3O-NoSpectral,HalfCheetah-v4,0
894000,reward,894,1932.104851315946,1460.993,SF-P3O-NoSpectral,HalfCheetah-v4,0
895000,reward,895,1942.1458116506374,1574.06,SF-P3O-NoSpectral,HalfCheetah-v4,0
896000,reward,896,1688.6017338381364,1562.009,SF-P3O-NoSpectral,HalfCheetah-v4,0
897000,reward,897,1832.9481544755795,1555.311,SF-P3O-NoSpectral,HalfCheetah-v4,0
898000,reward,898,1723.5358756906944,1760.048,SF-P3O-NoSpectral,HalfCheetah-v4,0
899000,reward,899,1845.4389041764925,1775.934,SF-P3O-NoSpectral,HalfCheetah-v4,0
900000,speed,622.39,26.93,SF-P3O-NoSpectral,HalfCheetah-v4,0
900000,perturb,0.090588,0.938839,0.7266,17146,50700,0.669562,18,SF-P3O-NoSpectral,HalfCheetah-v4,0
900000,reward,900,1912.1946189102835,1787.813,SF-P3O-NoSpectral,HalfCheetah-v4,0
901000,reward,901,1835.5959380250488,1819.157,SF-P3O-NoSpectral,HalfCheetah-v4,0
901120,loss,0.03317668288946152,0.788789689540863,SF-P3O-NoSpectral,HalfCheetah-v4,0
901120,diagnostics,0.0,99.06,18.55,0.090927,0.938829,0.7637,0.142044,SF-P3O-NoSpectral,HalfCheetah-v4,0
902000,reward,902,1658.5105875187246,1803.892,SF-P3O-NoSpectral,HalfCheetah-v4,0
903000,reward,903,1564.7732976179689,1793.585,SF-P3O-NoSpectral,HalfCheetah-v4,0
904000,reward,904,1553.8841751793116,1755.763,SF-P3O-NoSpectral,HalfCheetah-v4,0
905000,reward,905,1694.593491121051,1731.008,SF-P3O-NoSpectral,HalfCheetah-v4,0
906000,reward,906,1519.9100954543362,1714.139,SF-P3O-NoSpectral,HalfCheetah-v4,0
907000,reward,907,1695.8088035861074,1700.425,SF-P3O-NoSpectral,HalfCheetah-v4,0
908000,reward,908,1470.4430467279399,1675.115,SF-P3O-NoSpectral,HalfCheetah-v4,0
909000,reward,909,1799.3971812553411,1670.511,SF-P3O-NoSpectral,HalfCheetah-v4,0
909312,loss,-0.01403003465384245,0.6379833817481995,SF-P3O-NoSpectral,HalfCheetah-v4,0
910000,speed,398.41,27.35,SF-P3O-NoSpectral,HalfCheetah-v4,0
910000,reward,910,1870.1305431872881,1666.305,SF-P3O-NoSpectral,HalfCheetah-v4,0
911000,reward,911,1771.6243205190817,1659.908,SF-P3O-NoSpectral,HalfCheetah-v4,0
912000,reward,912,1754.8610013924258,1669.543,SF-P3O-NoSpectral,HalfCheetah-v4,0
913000,reward,913,1211.1303502594349,1634.178,SF-P3O-NoSpectral,HalfCheetah-v4,0
914000,reward,914,1513.3301641518692,1630.123,SF-P3O-NoSpectral,HalfCheetah-v4,0
915000,reward,915,1798.9805834024232,1640.562,SF-P3O-NoSpectral,HalfCheetah-v4,0
916000,reward,916,1546.415429192298,1643.212,SF-P3O-NoSpectral,HalfCheetah-v4,0
917000,reward,917,1793.456274663405,1652.977,SF-P3O-NoSpectral,HalfCheetah-v4,0
917504,loss,0.03620540350675583,0.8753421306610107,SF-P3O-NoSpectral,HalfCheetah-v4,0
917504,diagnostics,0.0,99.3,24.515,0.091376,0.938581,0.7702,0.13095,SF-P3O-NoSpectral,HalfCheetah-v4,0
918000,reward,918,1933.9224292977815,1699.325,SF-P3O-NoSpectral,HalfCheetah-v4,0
919000,reward,919,1914.8751901127016,1710.873,SF-P3O-NoSpectral,HalfCheetah-v4,0
920000,speed,608.21,27.62,SF-P3O-NoSpectral,HalfCheetah-v4,0
920000,reward,920,1796.1574882812406,1703.475,SF-P3O-NoSpectral,HalfCheetah-v4,0
921000,reward,921,1847.774313437093,1711.09,SF-P3O-NoSpectral,HalfCheetah-v4,0
922000,reward,922,1885.0823240472073,1724.112,SF-P3O-NoSpectral,HalfCheetah-v4,0
923000,reward,923,1663.8927710900732,1769.389,SF-P3O-NoSpectral,HalfCheetah-v4,0
924000,reward,924,1972.5902169969254,1815.315,SF-P3O-NoSpectral,HalfCheetah-v4,0
925000,reward,925,1774.407817278676,1812.857,SF-P3O-NoSpectral,HalfCheetah-v4,0
925696,loss,-0.02799982763826847,0.9485833644866943,SF-P3O-NoSpectral,HalfCheetah-v4,0
926000,reward,926,1638.5228310547818,1822.068,SF-P3O-NoSpectral,HalfCheetah-v4,0
927000,reward,927,1802.1598123385406,1822.939,SF-P3O-NoSpectral,HalfCheetah-v4,0
928000,reward,928,1552.2148790363112,1784.768,SF-P3O-NoSpectral,HalfCheetah-v4,0
929000,reward,929,1705.9770117665369,1763.878,SF-P3O-NoSpectral,HalfCheetah-v4,0
930000,speed,614.48,27.89,SF-P3O-NoSpectral,HalfCheetah-v4,0
930000,reward,930,1753.8196801957274,1759.644,SF-P3O-NoSpectral,HalfCheetah-v4,0
931000,reward,931,1686.9107825965805,1743.558,SF-P3O-NoSpectral,HalfCheetah-v4,0
932000,reward,932,1666.2210726251592,1721.672,SF-P3O-NoSpectral,HalfCheetah-v4,0
933000,reward,933,1488.592501882462,1704.142,SF-P3O-NoSpectral,HalfCheetah-v4,0
933888,loss,-0.002704826183617115,0.819553017616272,SF-P3O-NoSpectral,HalfCheetah-v4,0
933888,diagnostics,0.0,99.54,18.834,0.091996,0.938259,0.7447,0.127546,SF-P3O-NoSpectral,HalfCheetah-v4,0
934000,reward,934,1569.6937200764373,1663.852,SF-P3O-NoSpectral,HalfCheetah-v4,0
935000,reward,935,1767.0395683936908,1663.115,SF-P3O-NoSpectral,HalfCheetah-v4,0
936000,reward,936,1890.7544333624703,1688.338,SF-P3O-NoSpectral,HalfCheetah-v4,0
937000,reward,937,1632.7827505069426,1671.401,SF-P3O-NoSpectral,HalfCheetah-v4,0
938000,reward,938,1706.4762797025753,1686.827,SF-P3O-NoSpectral,HalfCheetah-v4,0
939000,reward,939,1711.133821048241,1687.342,SF-P3O-NoSpectral,HalfCheetah-v4,0
940000,speed,618.02,28.16,SF-P3O-NoSpectral,HalfCheetah-v4,0
940000,reward,940,1631.369666293804,1675.097,SF-P3O-NoSpectral,HalfCheetah-v4,0
941000,reward,941,1724.9677660954094,1678.903,SF-P3O-NoSpectral,HalfCheetah-v4,0
942000,reward,942,1701.5752996913027,1682.439,SF-P3O-NoSpectral,HalfCheetah-v4,0
942080,loss,-0.06348124146461487,0.9238376617431641,SF-P3O-NoSpectral,HalfCheetah-v4,0
943000,reward,943,1677.7522821983714,1701.355,SF-P3O-NoSpectral,HalfCheetah-v4,0
944000,reward,944,1857.3101169799706,1730.116,SF-P3O-NoSpectral,HalfCheetah-v4,0
945000,reward,945,1867.5815554185824,1740.17,SF-P3O-NoSpectral,HalfCheetah-v4,0
946000,reward,946,1757.162267584559,1726.811,SF-P3O-NoSpectral,HalfCheetah-v4,0
947000,reward,947,1874.6834345247487,1751.001,SF-P3O-NoSpectral,HalfCheetah-v4,0
948000,reward,948,1882.0467310859226,1768.558,SF-P3O-NoSpectral,HalfCheetah-v4,0
949000,reward,949,1856.227013950988,1783.068,SF-P3O-NoSpectral,HalfCheetah-v4,0
950000,speed,641.12,28.42,SF-P3O-NoSpectral,HalfCheetah-v4,0
950000,perturb,0.092944,0.937799,0.7625,16179,51667,0.914864,19,SF-P3O-NoSpectral,HalfCheetah-v4,0
950000,reward,950,1719.1262431960267,1791.843,SF-P3O-NoSpectral,HalfCheetah-v4,0
950272,loss,-0.020760882645845413,0.7153273820877075,SF-P3O-NoSpectral,HalfCheetah-v4,0
950272,diagnostics,0.0,102.35,21.6347,0.093261,0.937865,0.742,0.138828,SF-P3O-NoSpectral,HalfCheetah-v4,0
951000,reward,951,1970.208060704484,1816.367,SF-P3O-NoSpectral,HalfCheetah-v4,0
952000,reward,952,1826.264922483557,1828.836,SF-P3O-NoSpectral,HalfCheetah-v4,0
953000,reward,953,1748.4013606331566,1835.901,SF-P3O-NoSpectral,HalfCheetah-v4,0
954000,reward,954,1754.3911566727409,1825.609,SF-P3O-NoSpectral,HalfCheetah-v4,0
955000,reward,955,1776.5145329899383,1816.503,SF-P3O-NoSpectral,HalfCheetah-v4,0
956000,reward,956,1897.4968409353796,1830.536,SF-P3O-NoSpectral,HalfCheetah-v4,0
957000,reward,957,2025.121576175367,1845.58,SF-P3O-NoSpectral,HalfCheetah-v4,0
958000,reward,958,1853.9034711383167,1842.766,SF-P3O-NoSpectral,HalfCheetah-v4,0
958464,loss,0.01538001373410225,0.9490566253662109,SF-P3O-NoSpectral,HalfCheetah-v4,0
959000,reward,959,1588.0386393158376,1815.947,SF-P3O-NoSpectral,HalfCheetah-v4,0
960000,speed,410.95,28.83,SF-P3O-NoSpectral,HalfCheetah-v4,0
960000,reward,960,1928.345854373438,1836.869,SF-P3O-NoSpectral,HalfCheetah-v4,0
961000,reward,961,1942.4010841471948,1834.088,SF-P3O-NoSpectral,HalfCheetah-v4,0
962000,reward,962,1805.9177045549427,1832.053,SF-P3O-NoSpectral,HalfCheetah-v4,0
963000,reward,963,1850.4028906347942,1842.253,SF-P3O-NoSpectral,HalfCheetah-v4,0
964000,reward,964,1824.4185225779647,1849.256,SF-P3O-NoSpectral,HalfCheetah-v4,0
965000,reward,965,1594.6674190509643,1831.071,SF-P3O-NoSpectral,HalfCheetah-v4,0
966000,reward,966,1889.5445565580371,1830.276,SF-P3O-NoSpectral,HalfCheetah-v4,0
966656,loss,-0.07030262053012848,0.7302709817886353,SF-P3O-NoSpectral,HalfCheetah-v4,0
966656,diagnostics,0.0,102.59,15.8632,0.093877,0.937707,0.7493,0.131646,SF-P3O-NoSpectral,HalfCheetah-v4,0
967000,reward,967,1710.657321957249,1798.83,SF-P3O-NoSpectral,HalfCheetah-v4,0
968000,reward,968,1192.399871057669,1732.679,SF-P3O-NoSpectral,HalfCheetah-v4,0
969000,reward,969,1946.9729314274873,1768.573,SF-P3O-NoSpectral,HalfCheetah-v4,0
970000,speed,627.37,29.09,SF-P3O-NoSpectral,HalfCheetah-v4,0
970000,reward,970,-358.83152861172596,1539.855,SF-P3O-NoSpectral,HalfCheetah-v4,0
971000,reward,971,1766.3736836746393,1522.252,SF-P3O-NoSpectral,HalfCheetah-v4,0
972000,reward,972,1917.6152359837204,1533.422,SF-P3O-NoSpectral,HalfCheetah-v4,0
973000,reward,973,2012.2615181165195,1549.608,SF-P3O-NoSpectral,HalfCheetah-v4,0
974000,reward,974,1759.733082503743,1543.139,SF-P3O-NoSpectral,HalfCheetah-v4,0
974848,loss,-0.05425029993057251,0.5024391412734985,SF-P3O-NoSpectral,HalfCheetah-v4,0
975000,reward,975,1897.3502461041808,1573.408,SF-P3O-NoSpectral,HalfCheetah-v4,0
976000,reward,976,1726.502179086631,1557.103,SF-P3O-NoSpectral,HalfCheetah-v4,0
977000,reward,977,960.338613559031,1482.072,SF-P3O-NoSpectral,HalfCheetah-v4,0
978000,reward,978,1894.4472558541577,1552.276,SF-P3O-NoSpectral,HalfCheetah-v4,0
979000,reward,979,1928.6553904536079,1550.445,SF-P3O-NoSpectral,HalfCheetah-v4,0
980000,speed,647.87,29.35,SF-P3O-NoSpectral,HalfCheetah-v4,0
980000,reward,980,1814.5455833230235,1767.782,SF-P3O-NoSpectral,HalfCheetah-v4,0
981000,reward,981,1885.35447262222,1779.68,SF-P3O-NoSpectral,HalfCheetah-v4,0
982000,reward,982,2042.2494748311262,1792.144,SF-P3O-NoSpectral,HalfCheetah-v4,0
983000,reward,983,1909.1935532847156,1781.837,SF-P3O-NoSpectral,HalfCheetah-v4,0
983040,loss,-0.11260748654603958,0.5126757025718689,SF-P3O-NoSpectral,HalfCheetah-v4,0
983040,diagnostics,0.0,102.84,14.1962,0.094611,0.937411,0.7742,0.125003,SF-P3O-NoSpectral,HalfCheetah-v4,0
984000,reward,984,1873.0253669413519,1793.166,SF-P3O-NoSpectral,HalfCheetah-v4,0
985000,reward,985,1699.267991283365,1773.358,SF-P3O-NoSpectral,HalfCheetah-v4,0
986000,reward,986,1951.946177413,1795.902,SF-P3O-NoSpectral,HalfCheetah-v4,0
987000,reward,987,2019.3926273033208,1901.808,SF-P3O-NoSpectral,HalfCheetah-v4,0
988000,reward,988,1927.6968198636832,1905.133,SF-P3O-NoSpectral,HalfCheetah-v4,0
989000,reward,989,1743.1788348906189,1886.585,SF-P3O-NoSpectral,HalfCheetah-v4,0
990000,speed,611.45,29.62,SF-P3O-NoSpectral,HalfCheetah-v4,0
990000,reward,990,1979.4659480377327,1903.077,SF-P3O-NoSpectral,HalfCheetah-v4,0
991000,reward,991,358.38969618469423,1750.381,SF-P3O-NoSpectral,HalfCheetah-v4,0
991232,loss,-0.08995883166790009,0.5832588076591492,SF-P3O-NoSpectral,HalfCheetah-v4,0
992000,reward,992,1965.5591160952813,1742.712,SF-P3O-NoSpectral,HalfCheetah-v4,0
993000,reward,993,1492.501778979055,1701.042,SF-P3O-NoSpectral,HalfCheetah-v4,0
994000,reward,994,1901.5557333109596,1703.895,SF-P3O-NoSpectral,HalfCheetah-v4,0
995000,reward,995,1753.0990317727606,1709.279,SF-P3O-NoSpectral,HalfCheetah-v4,0
996000,reward,996,1943.8380318966501,1708.468,SF-P3O-NoSpectral,HalfCheetah-v4,0
997000,reward,997,2110.4505165970263,1717.574,SF-P3O-NoSpectral,HalfCheetah-v4,0
998000,reward,998,2067.3446133142033,1731.538,SF-P3O-NoSpectral,HalfCheetah-v4,0
999000,reward,999,-602.5570923551564,1496.965,SF-P3O-NoSpectral,HalfCheetah-v4,0
999424,loss,-0.044478416442871094,0.40452462434768677,SF-P3O-NoSpectral,HalfCheetah-v4,0
999424,diagnostics,0.0,103.13,15.701,0.095236,0.937023,0.7786,0.123017,SF-P3O-NoSpectral,HalfCheetah-v4,0
1000000,speed,406.47,30.03,SF-P3O-NoSpectral,HalfCheetah-v4,0
1000000,perturb,0.096551,0.936153,0.7786,15189,52657,0.865287,20,SF-P3O-NoSpectral,HalfCheetah-v4,0
1000000,reward,1000,1996.287233855861,1498.647,SF-P3O-NoSpectral,HalfCheetah-v4,0
